fit_scenario,minute,error_c,error_rate_c_per_min,applied_command,integral_state,outdoor_delta_c,load_fraction,nearest_error_rule,nearest_delta_rule,label_kp,label_ki,local_rollout_score,behaviour_policy
1.0,0.0,1.395507090051371,0.0,0.0,0.0,3.7311010671653797,0.09467336190329344,3.0,2.0,0.439863329019887,0.004661669837190028,86.33523290813955,0.0
1.0,10.0,1.8228639502878394,0.042735686023646836,0.75,15.624401205179435,3.825178576229611,0.09467336190329344,3.0,3.0,0.2912444989388093,2.789561267327242e-05,64.74264661977756,0.0
1.0,20.0,1.6702351754321896,-0.015262877485564985,0.97,17.355519966412793,3.919928675558811,0.09467336190329344,3.0,2.0,0.2912444989388093,2.789561267327242e-05,136.7773439464935,0.0
1.0,30.0,-0.24138504104586644,-0.1911620216478056,0.0,26.556107573272627,4.015171002953668,0.09467336190329344,2.0,0.0,0.5174862694351612,0.004053625945382633,209.93615849743531,0.0
1.0,40.0,-2.69678066561071,-0.24553956245648437,0.0,26.556107573272627,4.110724259230761,0.09467336190329344,0.0,0.0,0.5174862694351612,0.004053625945382633,233.48337471317222,0.0
1.0,50.0,-3.5105367585492964,-0.08137560929385863,0.0,26.556107573272627,4.206406553335874,0.09467336190329344,0.0,1.0,0.5174862694351612,0.004053625945382633,182.74326512523578,0.0
1.0,60.0,-3.033531926743109,0.047700483180618744,0.0,26.556107573272627,4.3020357485839575,0.09467336190329344,0.0,3.0,0.2912444989388093,2.789561267327242e-05,103.81759574633074,0.0
1.0,70.0,-2.196699744011383,0.0836832182731726,0.0,26.556107573272627,4.3974298093666455,0.09467336190329344,0.0,3.0,0.4916119559634031,0.004864351134459159,65.09124005746725,0.0
1.0,80.0,-0.9055061119013637,0.12911936321100193,0.0,26.556107573272627,4.4924071476673895,0.22913091097400104,1.0,3.0,0.4916119559634031,0.004864351134459159,70.61290893934225,0.0
1.0,90.0,0.49579112667494485,0.14012972385763084,0.27,26.96506080765565,4.586786968724585,0.22913091097400104,2.0,3.0,0.439863329019887,0.004661669837190028,87.5708931078743,0.0
1.0,100.0,1.6712241809018415,0.11754330542268968,0.77,37.39120690403324,4.680389615184641,0.22913091097400104,3.0,3.0,0.2912444989388093,2.789561267327242e-05,74.89192874084934,0.0
1.0,110.0,1.9131569761006268,0.02419327951987853,1.0,37.39120690403324,4.773036909090003,0.22913091097400104,3.0,2.0,0.2912444989388093,2.789561267327242e-05,90.61686457347224,0.0
1.0,120.0,0.4054971223513988,-0.1507659853749228,0.7000000000000001,43.910646341835765,4.864552491050986,0.22913091097400104,2.0,1.0,0.2912444989388093,2.789561267327242e-05,129.50457415513407,0.0
1.0,130.0,-1.750515507026698,-0.21560126293780968,0.0,44.39012922353571,4.954762155955926,0.22913091097400104,1.0,0.0,0.5174862694351612,0.004053625945382633,170.9680134923297,0.0
1.0,140.0,-2.9476686943663637,-0.11971531873396657,0.0,44.39012922353571,5.043494184580496,0.22913091097400104,0.0,1.0,0.2912444989388093,2.789561267327242e-05,111.61864321622726,0.0
1.0,150.0,-2.3070603520329023,0.06406083423334615,0.0,44.39012922353571,5.130579670465011,0.22913091097400104,0.0,3.0,0.4916119559634031,0.004864351134459159,64.80613989988217,0.0
1.0,160.0,-1.0536770816395133,0.1253383270393389,0.0,44.39012922353571,5.215852841437467,0.22913091097400104,1.0,3.0,0.4916119559634031,0.004864351134459159,63.768231797509955,0.0
1.0,170.0,0.2854591023699591,0.13391361840094723,0.26,44.08390850661287,5.299151375170311,0.22913091097400104,2.0,3.0,0.439863329019887,0.004661669837190028,80.51481978042001,0.0
1.0,180.0,1.5397371118075576,0.12542780094375985,0.76,52.97756498390066,5.380316708170209,0.22913091097400104,3.0,3.0,0.2912444989388093,2.789561267327242e-05,74.30020917948904,0.0
1.0,190.0,1.8630950277510614,0.032335791594350384,1.0,52.97756498390066,5.459194337612654,0.22913091097400104,3.0,3.0,0.2912444989388093,2.789561267327242e-05,86.79052510906362,0.0
1.0,200.0,0.5247173498256394,-0.1338377677925422,0.75,58.19204279501127,5.535634115446893,0.22913091097400104,2.0,1.0,0.2912444989388093,2.789561267327242e-05,137.3657464256807,0.0
1.0,210.0,-1.7436808825621384,-0.22683982323877777,0.0,58.67520624045285,5.609490534211261,0.22913091097400104,1.0,0.0,0.5174862694351612,0.004053625945382633,184.10603131188958,0.0
1.0,220.0,-3.1040735060833313,-0.1360392623521193,0.0,58.67520624045285,5.680623004014926,0.22913091097400104,0.0,1.0,0.2912444989388093,2.789561267327242e-05,125.59083311346892,0.0
1.0,230.0,-2.510390378071744,0.05936831280115875,0.0,58.67520624045285,5.748896120158701,0.22913091097400104,0.0,3.0,0.4916119559634031,0.004864351134459159,70.01635036634568,0.0
1.0,240.0,-1.2614373820511382,0.12489529960206056,0.0,58.67520624045285,5.814179920885621,0.22913091097400104,1.0,3.0,0.4916119559634031,0.004864351134459159,60.78674060421792,0.0
1.0,250.0,0.1077030469807454,0.13691404290318837,0.25,58.14583987861748,5.876350134770512,0.22913091097400104,2.0,3.0,0.439863329019887,0.004661669837190028,73.21444522332533,0.0
1.0,260.0,1.364604015382863,0.12569009684021176,0.74,65.28383648803317,5.935288417277718,0.22913091097400104,3.0,3.0,0.2912444989388093,2.789561267327242e-05,70.74295866936177,0.0
1.0,270.0,1.7739357811232566,0.040933176574039366,1.0,66.64844050341604,5.990882576036661,0.22913091097400104,3.0,3.0,0.2912444989388093,2.789561267327242e-05,109.0559805380012,0.0
1.0,280.0,0.49559090447042564,-0.1278344876652831,0.76,71.84601311470499,6.043026784406372,0.22913091097400104,2.0,1.0,0.2912444989388093,2.789561267327242e-05,192.69317566156639,0.0
1.0,290.0,-2.149172540943095,-0.26447634454135205,0.0,72.0791639013394,6.091621782922537,0.09467336190329344,0.0,0.0,0.5174862694351612,0.004053625945382633,280.59608450863175,0.0
1.0,300.0,-4.02899782753779,-0.1879825286594695,0.0,72.0791639013394,6.136575068243523,0.09467336190329344,0.0,0.0,0.5174862694351612,0.004053625945382633,256.3057438228671,0.0
1.0,0.0,1.362487335034242,0.0,0.0,0.0,3.7311010671653797,0.09467336190329344,3.0,2.0,0.439863329019887,0.004661669837190028,86.16958782461627,1.0
1.0,10.0,1.8887232339527245,0.05262358989184825,0.53,15.80091076174725,3.825178576229611,0.09467336190329344,3.0,3.0,0.2912444989388093,2.789561267327242e-05,66.30309300819712,1.0
1.0,20.0,1.7275736787890779,-0.01611495551636466,0.53,34.75414849794768,3.919928675558811,0.09467336190329344,3.0,2.0,0.2912444989388093,2.789561267327242e-05,45.77929012296867,1.0
1.0,30.0,0.5981030651359447,-0.11294706136531332,0.25,47.20929140855384,4.015171002953668,0.09467336190329344,2.0,1.0,0.2912444989388093,2.789561267327242e-05,38.39577511556969,1.0
1.0,40.0,-0.6498647477404695,-0.12479678128764142,0.0,48.72570010322316,4.110724259230761,0.09467336190329344,1.0,1.0,0.2912444989388093,2.789561267327242e-05,36.601454042096094,1.0
1.0,50.0,-1.0164957950573665,-0.0366631047316897,0.0,48.72570010322316,4.206406553335874,0.09467336190329344,1.0,1.0,0.439863329019887,0.004661669837190028,28.5047588443124,1.0
1.0,60.0,-0.60312904557302,0.04133667494843465,0.0,48.72570010322316,4.3020357485839575,0.09467336190329344,1.0,3.0,0.4916119559634031,0.004864351134459159,39.644789066838335,1.0
1.0,70.0,0.02640782698599864,0.06295368725590186,0.0,48.73398966931917,4.3974298093666455,0.09467336190329344,2.0,3.0,0.4916119559634031,0.004864351134459159,63.10944593640834,1.0
1.0,80.0,1.1439540697238897,0.1117546242737891,0.3,53.81113387616459,4.4924071476673895,0.22913091097400104,3.0,3.0,0.5433605829069192,0.004458988539920897,111.00342872003473,1.0
1.0,90.0,2.1305205796700335,0.09865665099461438,0.61,70.17108165973917,4.586786968724585,0.22913091097400104,3.0,3.0,0.2912444989388093,2.789561267327242e-05,95.06984099035304,1.0
1.0,100.0,2.2609430569687383,0.013042247729870482,0.67,92.75080889601705,4.680389615184641,0.22913091097400104,3.0,2.0,0.2912444989388093,2.789561267327242e-05,50.925665942771566,1.0
1.0,110.0,1.2875078962430386,-0.09734351607256997,0.42,111.65845758680265,4.773036909090003,0.22913091097400104,3.0,1.0,0.2912444989388093,2.789561267327242e-05,16.63696020614091,1.0
1.0,120.0,0.1090414125260537,-0.11784664837169849,0.0,118.80216821728996,4.864552491050986,0.22913091097400104,2.0,1.0,0.5174862694351612,0.004053625945382633,14.134103609000382,1.0
1.0,130.0,-0.5206113754816961,-0.06296527880077499,0.0,118.90202369123762,4.954762155955926,0.22913091097400104,1.0,1.0,0.4916119559634031,0.004864351134459159,10.498489193030666,1.0
1.0,140.0,-0.015742238490368266,0.05048691369913279,0.0,118.90202369123762,5.043494184580496,0.22913091097400104,2.0,3.0,0.4916119559634031,0.004864351134459159,51.86600403353137,1.0
1.0,150.0,1.0174742717170346,0.10332165102074028,0.27,123.39408931857835,5.130579670465011,0.22913091097400104,3.0,3.0,0.4916119559634031,0.004864351134459159,112.39847367763896,1.0
1.0,160.0,2.1036223873718747,0.108614811565484,0.6,138.97059364127392,5.215852841437467,0.22913091097400104,3.0,3.0,0.5174862694351612,0.004053625945382633,97.35470466141801,1.0
1.0,170.0,2.2671405514866443,0.016351816411476962,0.67,161.53102179367156,5.299151375170311,0.22913091097400104,3.0,2.0,0.2912444989388093,2.789561267327242e-05,54.26119495875603,1.0
1.0,180.0,1.3830310813798157,-0.08841094701068286,0.45,180.84097600252744,5.380316708170209,0.22913091097400104,3.0,1.0,0.2912444989388093,2.789561267327242e-05,17.619014264089873,1.0
1.0,190.0,0.1476374398716942,-0.12353936415081215,0.0,189.1331730300511,5.459194337612654,0.22913091097400104,2.0,1.0,0.2912444989388093,2.789561267327242e-05,18.070340853762264,1.0
1.0,200.0,-0.461274542094106,-0.060891198196580024,0.0,189.31549857230232,5.535634115446893,0.22913091097400104,1.0,1.0,0.5174862694351612,0.004053625945382633,12.748497168919686,1.0
1.0,210.0,0.0460207466968221,0.05072952887909281,0.0,189.2979980473845,5.609490534211261,0.22913091097400104,2.0,3.0,0.5174862694351612,0.004053625945382633,57.00330539556539,1.0
1.0,220.0,1.1374777023471232,0.10914569556503011,0.3,194.42453708149966,5.680623004014926,0.22913091097400104,3.0,3.0,0.5174862694351612,0.004053625945382633,111.38818851482132,1.0
1.0,230.0,2.0622641336838363,0.09247864313367131,0.59,210.3624661679333,5.748896120158701,0.22913091097400104,3.0,3.0,0.4916119559634031,0.004864351134459159,95.97841228621769,1.0
1.0,240.0,2.2210816127518456,0.015881747906800924,0.67,232.99156510107574,5.814179920885621,0.22913091097400104,3.0,2.0,0.2912444989388093,2.789561267327242e-05,52.36267575224339,1.0
1.0,250.0,1.357836333134962,-0.08632452796168835,0.44,251.9434339739412,5.876350134770512,0.22913091097400104,3.0,1.0,0.2912444989388093,2.789561267327242e-05,16.8659199764831,1.0
1.0,260.0,0.12493008970790598,-0.12329062434270562,0.0,259.8774802622421,5.935288417277718,0.22913091097400104,2.0,1.0,0.2912444989388093,2.789561267327242e-05,13.90536235078995,1.0
1.0,270.0,-0.42640741392980175,-0.05513375036377077,0.0,260.0521548175015,5.990882576036661,0.22913091097400104,1.0,1.0,0.5174862694351612,0.004053625945382633,24.339284789289067,1.0
1.0,280.0,0.11466449510654897,0.05410719090363507,0.0,260.1260060590163,6.043026784406372,0.22913091097400104,2.0,3.0,0.4916119559634031,0.004864351134459159,28.864613512879817,1.0
1.0,290.0,0.7948754228988655,0.06802109277923166,0.25,264.69334437391404,6.091621782922537,0.09467336190329344,3.0,3.0,0.4916119559634031,0.004864351134459159,47.78807184589595,1.0
1.0,300.0,1.1643919241558152,0.03695165012569497,0.35000000000000003,274.8083667097434,6.136575068243523,0.09467336190329344,3.0,3.0,0.2912444989388093,2.789561267327242e-05,36.1827943193135,1.0
1.0,0.0,1.3848566521497467,0.0,0.0,0.0,3.7311010671653797,0.09467336190329344,3.0,2.0,0.439863329019887,0.004661669837190028,86.28143190933547,2.0
1.0,10.0,1.8498591391386974,0.04650024869889506,0.75,15.620283428330868,3.825178576229611,0.09467336190329344,3.0,3.0,0.2912444989388093,2.789561267327242e-05,64.92067094292698,2.0
1.0,20.0,1.6386045145916128,-0.021125462454708456,0.9400000000000001,34.62359846850774,3.919928675558811,0.09467336190329344,3.0,2.0,0.2912444989388093,2.789561267327242e-05,132.26749141937228,2.0
1.0,30.0,-0.22582556883345006,-0.1864430083425063,0.45,43.905408853713624,4.015171002953668,0.09467336190329344,2.0,0.0,0.5174862694351612,0.004053625945382633,206.34697230688988,2.0
1.0,40.0,-2.6846268789569905,-0.24588013101235404,0.0,43.679583284880174,4.110724259230761,0.09467336190329344,0.0,0.0,0.5174862694351612,0.004053625945382633,231.43509289295466,2.0
1.0,50.0,-3.488831400617755,-0.08042045216607648,0.0,43.679583284880174,4.206406553335874,0.09467336190329344,0.0,1.0,0.5174862694351612,0.004053625945382633,181.8553487914274,2.0
1.0,60.0,-2.9742320594042404,0.05145993412135148,0.0,43.679583284880174,4.3020357485839575,0.09467336190329344,0.0,3.0,0.2912444989388093,2.789561267327242e-05,103.19946905836274,2.0
1.0,70.0,-2.1974884151711365,0.0776743644233104,0.0,43.679583284880174,4.3974298093666455,0.09467336190329344,0.0,3.0,0.4916119559634031,0.004864351134459159,64.74699988817073,2.0
1.0,80.0,-0.899546212089394,0.12979422030817425,0.0,43.679583284880174,4.4924071476673895,0.22913091097400104,1.0,3.0,0.4916119559634031,0.004864351134459159,67.23189149857852,2.0
1.0,90.0,0.4974516517078946,0.13969978637972885,0.34,43.34879135986597,4.586786968724585,0.22913091097400104,2.0,3.0,0.439863329019887,0.004661669837190028,76.07043155071939,2.0
1.0,100.0,1.6252519050325596,0.11278002533246649,0.84,53.93868842223381,4.680389615184641,0.22913091097400104,3.0,3.0,0.2912444989388093,2.789561267327242e-05,60.35855554897954,2.0
1.0,110.0,1.6848685075609673,0.005961660252840772,1.0,55.563940327266366,4.773036909090003,0.22913091097400104,3.0,2.0,0.2912444989388093,2.789561267327242e-05,100.15810677505864,2.0
1.0,120.0,0.05195062349364221,-0.1632917884067325,0.58,64.45130678362902,4.864552491050986,0.22913091097400104,2.0,1.0,0.2912444989388093,2.789561267327242e-05,145.88478303805698,2.0
1.0,130.0,-2.0386712904811297,-0.2090621913974772,0.0,63.393182700086086,4.954762155955926,0.22913091097400104,0.0,0.0,0.5174862694351612,0.004053625945382633,172.36823297616786,2.0
1.0,140.0,-2.9463015241249373,-0.09076302336438076,0.0,63.393182700086086,5.043494184580496,0.22913091097400104,0.0,1.0,0.2912444989388093,2.789561267327242e-05,107.97364894394639,2.0
1.0,150.0,-2.2254537838926858,0.07208477402322515,0.0,63.393182700086086,5.130579670465011,0.22913091097400104,0.0,3.0,0.4916119559634031,0.004864351134459159,63.091155849442416,2.0
1.0,160.0,-0.959524001860963,0.12659297820317228,0.0,63.393182700086086,5.215852841437467,0.22913091097400104,1.0,3.0,0.4916119559634031,0.004864351134459159,59.73790181139242,2.0
1.0,170.0,0.3951042443721775,0.13546282462331405,0.39,62.449885926950294,5.299151375170311,0.22913091097400104,2.0,3.0,0.439863329019887,0.004661669837190028,62.57281737719975,2.0
1.0,180.0,1.4550895482450095,0.1059985303872832,0.89,71.6260626360835,5.380316708170209,0.22913091097400104,3.0,3.0,0.2912444989388093,2.789561267327242e-05,48.63367287051271,2.0
1.0,190.0,1.4222208888491714,-0.003286865939583805,1.0,74.55954906600803,5.459194337612654,0.22913091097400104,3.0,2.0,0.2912444989388093,2.789561267327242e-05,104.97810376864979,2.0
1.0,200.0,-0.3014464628706399,-0.17236673517198114,0.54,82.04044466889499,5.535634115446893,0.22913091097400104,2.0,1.0,0.2912444989388093,2.789561267327242e-05,164.30626483957928,2.0
1.0,210.0,-2.3891959049755016,-0.20877494421048617,0.0,80.5044301491385,5.609490534211261,0.22913091097400104,0.0,0.0,0.5174862694351612,0.004053625945382633,174.11900182617245,2.0
1.0,220.0,-3.0562778698895343,-0.06670819649140328,0.0,80.5044301491385,5.680623004014926,0.22913091097400104,0.0,1.0,0.2912444989388093,2.789561267327242e-05,104.73472708492025,2.0
1.0,230.0,-2.2376362596483936,0.08186416102411406,0.0,80.5044301491385,5.748896120158701,0.22913091097400104,0.0,3.0,0.4916119559634031,0.004864351134459159,62.467766068639335,2.0
1.0,240.0,-0.8470152514011211,0.13906210082472725,0.0,80.5044301491385,5.814179920885621,0.22913091097400104,1.0,3.0,0.4916119559634031,0.004864351134459159,56.53004049626545,2.0
1.0,250.0,0.5276159776356941,0.1374631229036815,0.47000000000000003,78.75792253529347,5.876350134770512,0.22913091097400104,2.0,3.0,0.439863329019887,0.004661669837190028,59.991428673690095,2.0
1.0,260.0,1.5132800649173213,0.09856640872816272,0.97,86.288448482801,5.935288417277718,0.22913091097400104,3.0,3.0,0.2912444989388093,2.789561267327242e-05,58.26958470364707,2.0
1.0,270.0,1.2207177617588556,-0.029256230315846565,0.99,86.288448482801,5.990882576036661,0.22913091097400104,3.0,1.0,0.2912444989388093,2.789561267327242e-05,138.67080260888653,2.0
1.0,280.0,-0.6364503314235144,-0.185716809318237,0.51,90.78561027271007,6.043026784406372,0.22913091097400104,1.0,0.0,0.5174862694351612,0.004053625945382633,250.81536701968986,2.0
1.0,290.0,-3.147609482973774,-0.25111591515502596,0.0,89.27531878532892,6.091621782922537,0.09467336190329344,0.0,0.0,0.5174862694351612,0.004053625945382633,286.346299474341,2.0
1.0,300.0,-4.162832506574691,-0.10152230236009174,0.0,89.27531878532892,6.136575068243523,0.09467336190329344,0.0,1.0,0.5174862694351612,0.004053625945382633,237.18861077514327,2.0
2.0,0.0,4.182743486472923,0.0,0.0,0.0,8.689069170098985,0.16759014103317424,4.0,2.0,0.5174862694351612,0.004053625945382633,282.0233838541197,0.0
2.0,10.0,4.474353717478472,0.029161023100554927,0.75,0.0,8.690366143536814,0.16759014103317424,4.0,3.0,0.5433605829069192,0.004458988539920897,215.7630550332337,0.0
2.0,20.0,3.9247314211192794,-0.054962229635919256,1.0,0.0,8.691607376619402,0.16759014103317424,4.0,1.0,0.5174862694351612,0.004053625945382633,119.94466285128206,0.0
2.0,30.0,2.6266477299887896,-0.129808369113049,1.0,0.0,8.692790506589027,0.16759014103317424,3.0,1.0,0.439863329019887,0.004661669837190028,47.71604393990266,0.0
2.0,40.0,1.111519633825889,-0.15151280961629005,0.8,8.10215797825678,8.693913281290548,0.16759014103317424,3.0,1.0,0.2355971226417744,0.002998855732584006,12.075988169887708,0.0
2.0,50.0,-0.10733230143170758,-0.12188519352575966,0.0,13.357926979146598,8.694973563458511,0.16759014103317424,2.0,1.0,0.5433605829069192,0.004458988539920897,15.106543006384086,0.0
2.0,60.0,-0.4116007622561746,-0.030426846082446703,0.0,13.357926979146598,8.695969334785538,0.16759014103317424,1.0,1.0,0.5433605829069192,0.004458988539920897,25.739060858284365,0.0
2.0,70.0,0.15523237037893622,0.05668331326351108,0.0,13.371100727799945,8.696898699764319,0.16759014103317424,2.0,3.0,0.5433605829069192,0.004458988539920897,33.06045743394676,0.0
2.0,80.0,0.7955890092832014,0.06403566389042652,0.46,17.91887373132339,8.697759889295792,0.16759014103317424,3.0,3.0,0.5433605829069192,0.004458988539920897,29.763198140209383,0.0
2.0,90.0,0.9622973770374621,0.01667083677542607,0.61,27.26854131966747,8.698551264056736,0.16759014103317424,3.0,2.0,0.5433605829069192,0.004458988539920897,15.892077243422216,0.0
2.0,100.0,0.4984348250515822,-0.04638625519858799,0.45,35.14478114310721,8.699271317620319,0.16759014103317424,2.0,1.0,0.5433605829069192,0.004458988539920897,7.967170453511229,0.0
2.0,110.0,0.2401177238166774,-0.025831710123490483,0.29,39.10650576201936,8.699918679323655,0.16759014103317424,2.0,1.0,0.4916119559634031,0.004864351134459159,8.24764858315425,0.0
2.0,120.0,0.19515310814551157,-0.004496461567116583,0.26,41.08895049424862,8.700492116876948,0.16759014103317424,2.0,2.0,0.4916119559634031,0.004864351134459159,10.396478157651078,0.0
2.0,130.0,0.3736854509965255,0.017853234285101393,0.36,43.695549687044306,8.700990538709224,0.16759014103317424,2.0,2.0,0.4916119559634031,0.004864351134459159,10.490621322446575,0.0
2.0,140.0,0.4247775532614675,0.005109210226494199,0.43,47.768411936740414,8.701412996046194,0.16759014103317424,2.0,2.0,0.4916119559634031,0.004864351134459159,8.333252646346082,0.0
2.0,150.0,0.36739452924817684,-0.005738302401329065,0.4,51.46738752461394,8.70175868471631,0.16759014103317424,2.0,2.0,0.4916119559634031,0.004864351134459159,6.73729484103456,0.0
2.0,160.0,0.28782722815183703,-0.007956730109633981,0.35000000000000003,54.53686124856024,8.702026946681539,0.16759014103317424,2.0,2.0,0.4916119559634031,0.004864351134459159,5.866160743011751,0.0
2.0,170.0,0.23384042542243222,-0.005398680272940481,0.34,57.05856476126894,8.702217271289985,0.16759014103317424,2.0,2.0,0.4916119559634031,0.004864351134459159,5.499060534201931,0.0
2.0,180.0,0.21282405768905122,-0.0021016367733381,0.35000000000000003,59.135216225792426,8.702329296247935,0.16759014103317424,2.0,2.0,0.4916119559634031,0.004864351134459159,5.386034501184818,0.0
2.0,190.0,0.2056626824005754,-0.0007161375288475824,0.36,61.349093715039295,8.702362808309516,0.16759014103317424,2.0,2.0,0.4916119559634031,0.004864351134459159,4.837124056019974,0.0
2.0,200.0,0.21387157133213464,0.0008208888931559244,0.36,63.51118091104803,8.702317743682617,0.16759014103317424,2.0,2.0,0.4916119559634031,0.004864351134459159,4.067357103122395,0.0
2.0,210.0,0.21942863184573014,0.0005557060513595502,0.37,65.64162709558403,8.702194188150312,0.16759014103317424,2.0,2.0,0.4916119559634031,0.004864351134459159,3.1851184786553404,0.0
2.0,220.0,0.14849754052501396,-0.007093109132071618,0.37,67.33919353086218,8.701992376907583,0.16759014103317424,2.0,2.0,0.4916119559634031,0.004864351134459159,2.99385203493352,0.0
2.0,230.0,0.14939163695880353,8.940964337895707e-05,0.38,68.99167571022768,8.701712694113596,0.16759014103317424,2.0,2.0,0.4916119559634031,0.004864351134459159,2.6500539634235105,0.0
2.0,240.0,0.14898772820101058,-4.0390875779294785e-05,0.37,70.65119360616359,8.70135567216045,0.16759014103317424,2.0,2.0,0.4916119559634031,0.004864351134459159,2.309814351346185,0.0
2.0,250.0,0.13609612419209682,-0.001289160400891376,0.34,71.78677138779685,8.700921990659722,0.16759014103317424,2.0,2.0,0.4916119559634031,0.004864351134459159,2.4247754034617257,0.0
2.0,260.0,0.137041870848158,9.45746656061175e-05,0.37,73.22082083070687,8.700412475148802,0.16759014103317424,2.0,2.0,0.439863329019887,0.004661669837190028,1.9832669268382648,0.0
2.0,270.0,0.16400830748692385,0.0026966436638765855,0.39,74.5219758791987,8.699828095519418,0.16759014103317424,2.0,2.0,0.5433605829069192,0.004458988539920897,1.4805820141096118,0.0
2.0,280.0,0.10658083917537198,-0.005742746831155188,0.37,75.70653732296225,8.69916996417141,0.16759014103317424,2.0,2.0,0.5433605829069192,0.004458988539920897,1.070602786416703,0.0
2.0,290.0,0.03672222026504102,-0.006985861891033096,0.35000000000000003,76.57842195515639,8.698439333895205,0.16759014103317424,2.0,2.0,0.439863329019887,0.004661669837190028,1.1048924624509797,0.0
2.0,300.0,0.10549155546473798,0.006876933519969697,0.34,77.19154924172781,8.697637595487066,0.16759014103317424,2.0,2.0,0.5433605829069192,0.004458988539920897,1.3641250140781573,0.0
2.0,0.0,4.216845238035653,0.0,0.0,0.0,8.689069170098985,0.16759014103317424,4.0,2.0,0.5174862694351612,0.004053625945382633,282.19389207840163,1.0
2.0,10.0,4.522874598823567,0.030602936078791387,0.75,0.0,8.690366143536814,0.16759014103317424,4.0,3.0,0.5433605829069192,0.004458988539920897,216.00565868083612,1.0
2.0,20.0,3.9835253542230262,-0.05393492446005403,0.99,8.246812117916324,8.691607376619402,0.16759014103317424,4.0,1.0,0.4916119559634031,0.004864351134459159,120.48941451322594,1.0
2.0,30.0,2.665723922631205,-0.13178014315918213,0.79,42.54298529445436,8.692790506589027,0.16759014103317424,3.0,1.0,0.439863329019887,0.004661669837190028,56.103943763775234,1.0
2.0,40.0,1.4217679992119194,-0.12439559234192857,0.55,63.385336944427294,8.693913281290548,0.16759014103317424,3.0,1.0,0.5174862694351612,0.004053625945382633,22.742079899982958,1.0
2.0,50.0,0.6283945166196183,-0.07933734825923011,0.38,73.53842816042541,8.694973563458511,0.16759014103317424,2.0,1.0,0.5174862694351612,0.004053625945382633,6.57179158049787,1.0
2.0,60.0,0.28728766115039406,-0.034110685546922426,0.31,78.05158514517115,8.695969334785538,0.16759014103317424,2.0,1.0,0.5174862694351612,0.004053625945382633,4.7712678047532435,1.0
2.0,70.0,0.2650659716521453,-0.0022221689498248764,0.31,80.75095974719642,8.696898699764319,0.16759014103317424,2.0,2.0,0.5174862694351612,0.004053625945382633,6.387718806379573,1.0
2.0,80.0,0.30513562504071245,0.0040069653388567165,0.32,83.94530127599401,8.697759889295792,0.16759014103317424,2.0,2.0,0.5174862694351612,0.004053625945382633,7.919386002004783,1.0
2.0,90.0,0.4660961121617291,0.016096048712101664,0.37,87.69887427236169,8.698551264056736,0.16759014103317424,2.0,2.0,0.5174862694351612,0.004053625945382633,9.115428801276169,1.0
2.0,100.0,0.42186309692210244,-0.004423301523962664,0.38,92.27209024681993,8.699271317620319,0.16759014103317424,2.0,2.0,0.5174862694351612,0.004053625945382633,9.05100191160701,1.0
2.0,110.0,0.4148836701611671,-0.0006979426760935325,0.39,96.4019510916155,8.699918679323655,0.16759014103317424,2.0,2.0,0.5174862694351612,0.004053625945382633,8.655939491072335,1.0
2.0,120.0,0.42516413074001136,0.0010280460578844242,0.4,100.4431257786083,8.700492116876948,0.16759014103317424,2.0,2.0,0.5174862694351612,0.004053625945382633,8.154828755943322,1.0
2.0,130.0,0.3239138443019627,-0.010125028643804868,0.39,104.0837750462999,8.700990538709224,0.16759014103317424,2.0,2.0,0.2355971226417744,0.002998855732584006,6.618244769768847,1.0
2.0,140.0,0.2747746951291177,-0.004913914917284501,0.39,107.19933131887538,8.701412996046194,0.16759014103317424,2.0,2.0,0.2355971226417744,0.002998855732584006,4.803712563337011,1.0
2.0,150.0,0.15160987087539368,-0.012316482425372399,0.37,109.2068146641513,8.70175868471631,0.16759014103317424,2.0,2.0,0.2355971226417744,0.002998855732584006,4.130855098183425,1.0
2.0,160.0,0.13400239332368358,-0.0017607477551710104,0.36,110.66413519794187,8.702026946681539,0.16759014103317424,2.0,2.0,0.2355971226417744,0.002998855732584006,3.7233613745938294,1.0
2.0,170.0,0.05077400421896883,-0.008322838910471475,0.36,111.6696938723598,8.702217271289985,0.16759014103317424,2.0,2.0,0.2355971226417744,0.002998855732584006,3.6116099071257195,1.0
2.0,180.0,0.11140390550126611,0.006062990128229728,0.37,112.7302915756018,8.702329296247935,0.16759014103317424,2.0,2.0,0.2355971226417744,0.002998855732584006,3.1728127957185,1.0
2.0,190.0,0.14929871040666498,0.003789480490539887,0.37,113.77518369586248,8.702362808309516,0.16759014103317424,2.0,2.0,0.2355971226417744,0.002998855732584006,2.8264296371218647,1.0
2.0,200.0,0.07205638573381634,-0.007724232467284864,0.37,114.87169149690156,8.702317743682617,0.16759014103317424,2.0,2.0,0.2355971226417744,0.002998855732584006,2.3087287929056908,1.0
2.0,210.0,0.017969540371353787,-0.005408684536246255,0.36,115.49934280287914,8.702194188150312,0.16759014103317424,2.0,2.0,0.2355971226417744,0.002998855732584006,2.140905601445887,1.0
2.0,220.0,0.07151878739837159,0.00535492470270178,0.36,116.09766875657363,8.701992376907583,0.16759014103317424,2.0,2.0,0.2355971226417744,0.002998855732584006,1.8256311753658996,1.0
2.0,230.0,0.041066477838501925,-0.003045230955986966,0.36,116.64458233564656,8.701712694113596,0.16759014103317424,2.0,2.0,0.2355971226417744,0.002998855732584006,1.6867255437264959,1.0
2.0,240.0,0.06670552549200082,0.002563904765349889,0.37,117.11803787870359,8.70135567216045,0.16759014103317424,2.0,2.0,0.2355971226417744,0.002998855732584006,1.386155811314069,1.0
2.0,250.0,0.009369582115848374,-0.005733594337615245,0.36,117.59678474754624,8.700921990659722,0.16759014103317424,2.0,2.0,0.2355971226417744,0.002998855732584006,1.082256732853177,1.0
2.0,260.0,0.030856546127555617,0.0021486964011707245,0.35000000000000003,117.80490895605544,8.700412475148802,0.16759014103317424,2.0,2.0,0.2355971226417744,0.002998855732584006,0.9421254091855418,1.0
2.0,270.0,0.01764902084860509,-0.0013207525278950527,0.36,118.18341378956696,8.699828095519418,0.16759014103317424,2.0,2.0,0.2355971226417744,0.002998855732584006,0.5516103877612162,1.0
2.0,280.0,-0.003940486634117946,-0.0021589507482723037,0.35000000000000003,118.1297355205389,8.69916996417141,0.16759014103317424,2.0,2.0,0.2355971226417744,0.002998855732584006,0.6446741279115575,1.0
2.0,290.0,0.02722159833831128,0.0031162084972429227,0.36,118.20192220896884,8.698439333895205,0.16759014103317424,2.0,2.0,0.2355971226417744,0.002998855732584006,0.7166309525228561,1.0
2.0,300.0,-0.016852581430431002,-0.0044074179768742285,0.36,118.41325078268173,8.697637595487066,0.16759014103317424,2.0,2.0,0.2355971226417744,0.002998855732584006,0.43763742024797003,1.0
2.0,0.0,4.203862483202538,0.0,0.0,0.0,8.689069170098985,0.16759014103317424,4.0,2.0,0.5174862694351612,0.004053625945382633,282.12897850735504,2.0
2.0,10.0,4.43069427619151,0.022683179298897117,0.75,0.0,8.690366143536814,0.16759014103317424,4.0,2.0,0.5433605829069192,0.004458988539920897,215.54475850986321,2.0
2.0,20.0,3.9498301788592407,-0.048086409733226886,1.0,0.0,8.691607376619402,0.16759014103317424,4.0,1.0,0.5174862694351612,0.004053625945382633,120.07015090730354,2.0
2.0,30.0,2.6878962645227915,-0.1261933914336449,1.0,0.0,8.692790506589027,0.16759014103317424,3.0,1.0,0.439863329019887,0.004661669837190028,48.24629590933682,2.0
2.0,40.0,1.2054395072129829,-0.14824567573098085,0.7000000000000001,12.446200966958692,8.693913281290548,0.16759014103317424,3.0,1.0,0.439863329019887,0.004661669837190028,11.63673081575011,2.0
2.0,50.0,0.009032033347757817,-0.1196407473865225,0.25,18.745555243919746,8.694973563458511,0.16759014103317424,2.0,1.0,0.5433605829069192,0.004458988539920897,14.456415863295021,2.0
2.0,60.0,-0.1544359094361809,-0.016346794278393872,0.0,18.432948528603234,8.695969334785538,0.16759014103317424,2.0,2.0,0.5433605829069192,0.004458988539920897,25.176720000725137,2.0
2.0,70.0,0.3232077285532782,0.04776436379894591,0.25,18.590032532989326,8.696898699764319,0.16759014103317424,2.0,3.0,0.5433605829069192,0.004458988539920897,29.839521377618244,2.0
2.0,80.0,0.8252364476454268,0.050202871909214866,0.46,24.3202669952831,8.697759889295792,0.16759014103317424,3.0,3.0,0.5433605829069192,0.004458988539920897,26.475941007252068,2.0
2.0,90.0,0.8286556683969373,0.00034192207515104656,0.54,33.171777400700634,8.698551264056736,0.16759014103317424,3.0,2.0,0.5433605829069192,0.004458988539920897,15.380446243448926,2.0
2.0,100.0,0.6451852448018762,-0.018347042359506106,0.48,40.63758923923472,8.699271317620319,0.16759014103317424,2.0,2.0,0.5433605829069192,0.004458988539920897,8.004472799109475,2.0
2.0,110.0,0.32014477107071926,-0.0325040473731157,0.38,45.42634259843616,8.699918679323655,0.16759014103317424,2.0,1.0,0.4916119559634031,0.004864351134459159,6.332900772002114,2.0
2.0,120.0,0.19644769378776772,-0.012369707728295154,0.3,47.94093597717666,8.700492116876948,0.16759014103317424,2.0,2.0,0.4916119559634031,0.004864351134459159,7.15007821567561,2.0
2.0,130.0,0.20795159347265013,0.0011503899684882414,0.32,49.92770523070264,8.700990538709224,0.16759014103317424,2.0,2.0,0.4916119559634031,0.004864351134459159,7.815060397232029,2.0
2.0,140.0,0.19265866583174684,-0.0015292927640903286,0.34,52.228861496628994,8.701412996046194,0.16759014103317424,2.0,2.0,0.4916119559634031,0.004864351134459159,7.759083187403578,2.0
2.0,150.0,0.2737511076988177,0.008109244186707087,0.39,55.05965153513122,8.70175868471631,0.16759014103317424,2.0,2.0,0.4916119559634031,0.004864351134459159,6.371339221378292,2.0
2.0,160.0,0.25056372717137165,-0.0023187380527446067,0.39,57.86823428283522,8.702026946681539,0.16759014103317424,2.0,2.0,0.4916119559634031,0.004864351134459159,5.027817882367678,2.0
2.0,170.0,0.17637578725819125,-0.00741879399131804,0.35000000000000003,59.94341485170441,8.702217271289985,0.16759014103317424,2.0,2.0,0.4916119559634031,0.004864351134459159,4.605850380961892,2.0
2.0,180.0,0.217708470351603,0.004133268309341176,0.39,61.613323569951916,8.702329296247935,0.16759014103317424,2.0,2.0,0.4916119559634031,0.004864351134459159,4.157030566942996,2.0
2.0,190.0,0.15730414325213005,-0.006040432709947296,0.37,63.40052284175874,8.702362808309516,0.16759014103317424,2.0,2.0,0.4916119559634031,0.004864351134459159,3.650737978191449,2.0
2.0,200.0,0.14558427937843277,-0.0011719863873697277,0.37,64.83009476754526,8.702317743682617,0.16759014103317424,2.0,2.0,0.4916119559634031,0.004864351134459159,3.183311075075315,2.0
2.0,210.0,0.15895073792215442,0.0013366458543721648,0.37,66.36548717509025,8.702194188150312,0.16759014103317424,2.0,2.0,0.4916119559634031,0.004864351134459159,2.475370909503382,2.0
2.0,220.0,0.12739139625287876,-0.0031559341669275655,0.36,67.43940354658712,8.701992376907583,0.16759014103317424,2.0,2.0,0.4916119559634031,0.004864351134459159,2.231899813101043,2.0
2.0,230.0,0.09675747884491415,-0.003063391740796462,0.36,68.39241420878312,8.701712694113596,0.16759014103317424,2.0,2.0,0.4916119559634031,0.004864351134459159,2.0070585567125248,2.0
2.0,240.0,0.11825140699012238,0.002149392814520823,0.36,69.40111169127489,8.70135567216045,0.16759014103317424,2.0,2.0,0.4916119559634031,0.004864351134459159,1.4707572701792342,2.0
2.0,250.0,0.06967024340155348,-0.0048581163588568895,0.38,70.37598348871421,8.700921990659722,0.16759014103317424,2.0,2.0,0.4916119559634031,0.004864351134459159,1.0490473427055402,2.0
2.0,260.0,0.05412370757634122,-0.001554653582521226,0.35000000000000003,71.15701622495779,8.700412475148802,0.16759014103317424,2.0,2.0,0.4916119559634031,0.004864351134459159,0.7572586215935881,2.0
2.0,270.0,0.00352247159966268,-0.005060123597667854,0.34,71.61765015323898,8.699828095519418,0.16759014103317424,2.0,2.0,0.4916119559634031,0.004864351134459159,0.9125363425193328,2.0
2.0,280.0,0.05008315478534442,0.004656068318568174,0.36,71.94903001668445,8.69916996417141,0.16759014103317424,2.0,2.0,0.4916119559634031,0.004864351134459159,0.8959228446246377,2.0
2.0,290.0,0.06787044061963599,0.0017787285834291566,0.37,72.45256121082794,8.698439333895205,0.16759014103317424,2.0,2.0,0.4916119559634031,0.004864351134459159,0.9074845065413604,2.0
2.0,300.0,0.04663764183968766,-0.0021232798779948327,0.36,73.1379310485956,8.697637595487066,0.16759014103317424,2.0,2.0,0.439863329019887,0.004661669837190028,0.6216649345735774,2.0
3.0,0.0,4.711850329471915,0.0,0.0,0.0,8.5475035884167,0.2505958116144076,4.0,2.0,0.5174862694351612,0.004053625945382633,354.01955766167845,0.0
3.0,10.0,5.153292683745629,0.04414423542737147,0.75,0.0,8.550908622935314,0.2505958116144076,4.0,3.0,0.5174862694351612,0.004053625945382633,319.0740036464486,0.0
3.0,20.0,5.052373685416658,-0.010091899832897155,1.0,0.0,8.554232262552443,0.2505958116144076,4.0,2.0,0.5174862694351612,0.004053625945382633,253.48094292984533,0.0
3.0,30.0,4.16488483439424,-0.08874888510224181,1.0,0.0,8.557468180531167,0.2505958116144076,4.0,1.0,0.439863329019887,0.004661669837190028,178.88017593326074,0.0
3.0,40.0,3.1484239940934096,-0.10164608403008302,1.0,0.0,8.560610217117699,0.2505958116144076,3.0,1.0,0.5433605829069192,0.004458988539920897,107.99574220395982,0.0
3.0,50.0,2.1971758297366293,-0.09512481643567802,1.0,0.0,8.56365239126681,0.2505958116144076,3.0,1.0,0.5433605829069192,0.004458988539920897,52.70085504000587,0.0
3.0,60.0,1.3129901807649418,-0.08841856489716875,0.76,9.72129334995206,8.566588912027107,0.2505958116144076,3.0,1.0,0.5433605829069192,0.004458988539920897,22.904540649574145,0.0
3.0,70.0,0.5230554088026231,-0.07899347719623187,0.38,19.00947241556683,8.56941418956442,0.2505958116144076,2.0,1.0,0.5433605829069192,0.004458988539920897,22.229547698039745,0.0
3.0,80.0,0.3409280785466642,-0.018212733025595895,0.26,22.93618140258694,8.572122845802376,0.2505958116144076,2.0,2.0,0.5433605829069192,0.004458988539920897,34.14248550940897,0.0
3.0,90.0,0.6260437367451424,0.028511565819847817,0.42,27.393081299845033,8.57470972465988,0.2505958116144076,2.0,3.0,0.5433605829069192,0.004458988539920897,40.37082508135428,0.0
3.0,100.0,0.9124306560461442,0.02863869193010018,0.6,35.08685007748268,8.577169901865997,0.2505958116144076,3.0,3.0,0.5433605829069192,0.004458988539920897,34.0324986049815,0.0
3.0,110.0,0.9193215598517348,0.0006890903805590653,0.66,44.53744841213144,8.579498694333584,0.2505958116144076,3.0,2.0,0.5433605829069192,0.004458988539920897,22.575414531172555,0.0
3.0,120.0,0.686181367614207,-0.02331401922375278,0.58,52.7505892565624,8.581691669073827,0.2505958116144076,2.0,2.0,0.5433605829069192,0.004458988539920897,14.557004879175588,0.0
3.0,130.0,0.45986172583132756,-0.022631964178287944,0.49,58.561117246977204,8.583744651634657,0.2505958116144076,2.0,2.0,0.4916119559634031,0.004864351134459159,12.882054708564086,0.0
3.0,140.0,0.3868863616440166,-0.007297536418731099,0.46,62.80284088438896,8.585653734047096,0.2505958116144076,2.0,2.0,0.4916119559634031,0.004864351134459159,13.45270479502029,0.0
3.0,150.0,0.4237678636276918,0.0036881501983675236,0.48,66.76821060672137,8.587415282264256,0.2505958116144076,2.0,2.0,0.4916119559634031,0.004864351134459159,13.661609318089203,0.0
3.0,160.0,0.5113982860033524,0.008763042237566054,0.55,71.41396974255673,8.589025943078997,0.2505958116144076,2.0,2.0,0.4916119559634031,0.004864351134459159,12.208018890263276,0.0
3.0,170.0,0.4755156128598017,-0.0035882673143550646,0.55,76.38454459172029,8.590482650506907,0.2505958116144076,2.0,2.0,0.4916119559634031,0.004864351134459159,9.98431216582374,0.0
3.0,180.0,0.4134164623283745,-0.006209915053142723,0.53,80.76673798666174,8.591782631622603,0.2505958116144076,2.0,2.0,0.4916119559634031,0.004864351134459159,8.34743146610672,0.0
3.0,190.0,0.3291151188403951,-0.008430134348797936,0.51,84.46936467512529,8.59292341183815,0.2505958116144076,2.0,2.0,0.4916119559634031,0.004864351134459159,7.450476353979198,0.0
3.0,200.0,0.2842773852570559,-0.00448377335833392,0.51,87.54263647131418,8.593902819613568,0.2505958116144076,2.0,2.0,0.4916119559634031,0.004864351134459159,7.053316311411632,0.0
3.0,210.0,0.2891275482739779,0.00048501630169219825,0.52,90.36453512701317,8.594718990590486,0.2505958116144076,2.0,2.0,0.4916119559634031,0.004864351134459159,6.668785129451281,0.0
3.0,220.0,0.2741991831253685,-0.0014928365148609401,0.52,93.12604098194703,8.595370371141065,0.2505958116144076,2.0,2.0,0.4916119559634031,0.004864351134459159,6.058227193281153,0.0
3.0,230.0,0.2531253150002861,-0.0021073868125082384,0.53,95.90622403816069,8.59585572132541,0.2505958116144076,2.0,2.0,0.4916119559634031,0.004864351134459159,5.07173812213732,0.0
3.0,240.0,0.24083581740345394,-0.0012289497596832178,0.53,98.40429900090687,8.596174117251849,0.2505958116144076,2.0,2.0,0.4916119559634031,0.004864351134459159,4.48398714502802,0.0
3.0,250.0,0.20780194914820171,-0.003303386825525223,0.51,100.63497757454812,8.596324952835648,0.2505958116144076,2.0,2.0,0.4916119559634031,0.004864351134459159,4.165855932811786,0.0
3.0,260.0,0.18998381323480373,-0.001781813591339798,0.51,102.5861656399507,8.596307940952698,0.2505958116144076,2.0,2.0,0.4916119559634031,0.004864351134459159,4.033600285276517,0.0
3.0,270.0,0.2021016143928165,0.0012117801158012752,0.53,104.48771175989951,8.596123113986081,0.2505958116144076,2.0,2.0,0.439863329019887,0.004661669837190028,3.882245367857314,0.0
3.0,280.0,0.17063266228534602,-0.0031468952107470472,0.52,106.41485329416399,8.59577082376444,0.2505958116144076,2.0,2.0,0.439863329019887,0.004661669837190028,3.3740818872927947,0.0
3.0,290.0,0.16127888725750594,-0.0009353775027840072,0.52,108.04390320010685,8.59525174089223,0.2505958116144076,2.0,2.0,0.5433605829069192,0.004458988539920897,2.991814451382001,0.0
3.0,300.0,0.15920863629496296,-0.00020702509625429854,0.52,109.5698322657551,8.594566853473204,0.2505958116144076,2.0,2.0,0.5433605829069192,0.004458988539920897,2.6960599052258876,0.0
3.0,0.0,4.70914807738426,0.0,0.0,0.0,8.5475035884167,0.2505958116144076,4.0,2.0,0.5174862694351612,0.004053625945382633,354.00604644351756,1.0
3.0,10.0,5.144715670241702,0.043556759285744207,0.75,23.872875612865876,8.550908622935314,0.2505958116144076,4.0,3.0,0.5174862694351612,0.004053625945382633,319.03111871311876,1.0
3.0,20.0,5.068591032574723,-0.007612463766697886,1.0,23.872875612865876,8.554232262552443,0.2505958116144076,4.0,2.0,0.5174862694351612,0.004053625945382633,253.56202941191066,1.0
3.0,30.0,4.184281849976841,-0.08843091825978817,0.99,51.12180550388851,8.557468180531167,0.2505958116144076,4.0,1.0,0.5433605829069192,0.004458988539920897,179.59061615832445,1.0
3.0,40.0,3.1523302791495382,-0.1031951570827303,0.93,88.3288666777879,8.560610217117699,0.2505958116144076,3.0,1.0,0.439863329019887,0.004661669837190028,112.06769925326012,1.0
3.0,50.0,2.261645128089228,-0.08906851510603105,0.87,115.66988057965594,8.56365239126681,0.2505958116144076,3.0,1.0,0.5174862694351612,0.004053625945382633,60.861645518231065,1.0
3.0,60.0,1.483686075680147,-0.07779590524090807,0.79,134.64626826570446,8.566588912027107,0.2505958116144076,3.0,1.0,0.5174862694351612,0.004053625945382633,32.153078686988216,1.0
3.0,70.0,0.8908640694264989,-0.05928220062536482,0.73,146.80412356544585,8.56941418956442,0.2505958116144076,3.0,1.0,0.18492035330160297,0.0037479570224159065,12.037122311257667,1.0
3.0,80.0,0.4440199382587622,-0.044684413116773666,0.66,153.42963705506062,8.572122845802376,0.2505958116144076,2.0,1.0,0.18492035330160297,0.0037479570224159065,5.80517126023156,1.0
3.0,90.0,0.10341131589210306,-0.03406086223666591,0.61,156.35379093690165,8.57470972465988,0.2505958116144076,2.0,1.0,0.18492035330160297,0.0037479570224159065,6.387739921353348,1.0
3.0,100.0,-0.08532043445034176,-0.01887317503424448,0.5700000000000001,156.4856997934727,8.577169901865997,0.2505958116144076,2.0,2.0,0.5174862694351612,0.004053625945382633,8.95504718678881,1.0
3.0,110.0,-0.2126528690479823,-0.012733243459764055,0.55,155.03480347539337,8.579498694333584,0.2505958116144076,2.0,2.0,0.5174862694351612,0.004053625945382633,9.286029401047449,1.0
3.0,120.0,-0.27718195562851733,-0.006452908658053503,0.52,152.60042946635735,8.581691669073827,0.2505958116144076,2.0,2.0,0.5174862694351612,0.004053625945382633,8.68556229232555,1.0
3.0,130.0,-0.2678944143858999,0.0009287541242617436,0.51,149.80921083073335,8.583744651634657,0.2505958116144076,2.0,2.0,0.5174862694351612,0.004053625945382633,7.782047302885696,1.0
3.0,140.0,-0.25110216632395677,0.0016792248061943127,0.5,147.14865311744794,8.585653734047096,0.2505958116144076,2.0,2.0,0.5174862694351612,0.004053625945382633,6.875079397546511,1.0
3.0,150.0,-0.22844177099115726,0.002266039533279951,0.5,144.81061495674956,8.587415282264256,0.2505958116144076,2.0,2.0,0.5174862694351612,0.004053625945382633,5.6744443679092855,1.0
3.0,160.0,-0.18338391687539612,0.0045057854115761135,0.5,142.806162514343,8.589025943078997,0.2505958116144076,2.0,2.0,0.5174862694351612,0.004053625945382633,4.683960143292979,1.0
3.0,170.0,-0.14904398844401356,0.003433992843138256,0.5,141.15952317710753,8.590482650506907,0.2505958116144076,2.0,2.0,0.18492035330160297,0.0037479570224159065,3.618038860166689,1.0
3.0,180.0,-0.1085693343090881,0.004047465413492546,0.5,139.8323725355317,8.591782631622603,0.2505958116144076,2.0,2.0,0.18492035330160297,0.0037479570224159065,2.4577354159103963,1.0
3.0,190.0,-0.08013626507891303,0.002843306923017508,0.51,138.87465986784824,8.59292341183815,0.2505958116144076,2.0,2.0,0.18492035330160297,0.0037479570224159065,1.503753536842559,1.0
3.0,200.0,-0.05482388547602568,0.002531237960288735,0.51,138.29830470100956,8.593902819613568,0.2505958116144076,2.0,2.0,0.18492035330160297,0.0037479570224159065,0.8871013459778511,1.0
3.0,210.0,-0.024418808155733274,0.0030405077320292406,0.51,137.91631210408246,8.594718990590486,0.2505958116144076,2.0,2.0,0.18492035330160297,0.0037479570224159065,0.5465709088068597,1.0
3.0,220.0,-0.02428901532643124,1.297928293020334e-05,0.51,137.63146206349055,8.595370371141065,0.2505958116144076,2.0,2.0,0.18492035330160297,0.0037479570224159065,0.5016136140819683,1.0
3.0,230.0,-0.00632666494355405,0.001796235038287719,0.51,137.49996053076902,8.59585572132541,0.2505958116144076,2.0,2.0,0.18492035330160297,0.0037479570224159065,0.5983268496082046,1.0
3.0,240.0,0.016980907266553658,0.0023307572210107706,0.52,137.50639363230238,8.596174117251849,0.2505958116144076,2.0,2.0,0.18492035330160297,0.0037479570224159065,0.6373392784000469,1.0
3.0,250.0,0.010438666791021234,-0.0006542240475532424,0.52,137.82872068087448,8.596324952835648,0.2505958116144076,2.0,2.0,0.18492035330160297,0.0037479570224159065,0.44641092925321635,1.0
3.0,260.0,-0.003492228134941655,-0.001393089492596289,0.52,137.8782414228391,8.596307940952698,0.2505958116144076,2.0,2.0,0.18492035330160297,0.0037479570224159065,0.38973687342016544,1.0
3.0,270.0,0.009488178713738193,0.001298040684867985,0.52,137.93673078675815,8.596123113986081,0.2505958116144076,2.0,2.0,0.18492035330160297,0.0037479570224159065,0.5372294365160788,1.0
3.0,280.0,-0.024140541246275404,-0.00336287199600136,0.51,137.93192007169228,8.59577082376444,0.2505958116144076,2.0,2.0,0.18492035330160297,0.0037479570224159065,0.5569334008307651,1.0
3.0,290.0,-0.025701320976036612,-0.0001560779729761208,0.51,137.8400323281663,8.59525174089223,0.2505958116144076,2.0,2.0,0.18492035330160297,0.0037479570224159065,0.4194836633236257,1.0
3.0,300.0,-0.012850861357744492,0.001285045961829212,0.52,137.76642477296815,8.594566853473204,0.2505958116144076,2.0,2.0,0.18492035330160297,0.0037479570224159065,0.4930847318711666,1.0
3.0,0.0,4.717528219248397,0.0,0.0,0.0,8.5475035884167,0.2505958116144076,4.0,2.0,0.5174862694351612,0.004053625945382633,354.04794702172865,2.0
3.0,10.0,5.141776874320751,0.04242486550723541,0.75,0.0,8.550908622935314,0.2505958116144076,4.0,3.0,0.5174862694351612,0.004053625945382633,319.01642477949235,2.0
3.0,20.0,5.047967594205076,-0.00938092801156749,1.0,0.0,8.554232262552443,0.2505958116144076,4.0,2.0,0.5174862694351612,0.004053625945382633,253.4589125427221,2.0
3.0,30.0,4.192203107627421,-0.08557644865776552,1.0,0.0,8.557468180531167,0.2505958116144076,4.0,1.0,0.439863329019887,0.004661669837190028,179.0167668720245,2.0
3.0,40.0,3.16566423086811,-0.10265388767593109,1.0,0.0,8.560610217117699,0.2505958116144076,3.0,1.0,0.5433605829069192,0.004458988539920897,108.0819431181049,2.0
3.0,50.0,2.1968949032254095,-0.09687693276427005,1.0,0.0,8.56365239126681,0.2505958116144076,3.0,1.0,0.5433605829069192,0.004458988539920897,52.699450660897774,2.0
3.0,60.0,1.2965875743828796,-0.09003073288425298,0.68,17.847663774947105,8.566588912027107,0.2505958116144076,3.0,1.0,0.5433605829069192,0.004458988539920897,24.969223877370748,2.0
3.0,70.0,0.644966403957433,-0.06516211704254467,0.43,27.506934209041116,8.56941418956442,0.2505958116144076,2.0,1.0,0.5433605829069192,0.004458988539920897,21.478866094913844,2.0
3.0,80.0,0.48052756516390716,-0.016443883879352583,0.37,32.831657318809135,8.572122845802376,0.2505958116144076,2.0,2.0,0.5433605829069192,0.004458988539920897,28.854545346108885,2.0
3.0,90.0,0.6306600126391757,0.015013244747526855,0.45,38.28788442452024,8.57470972465988,0.2505958116144076,2.0,2.0,0.5433605829069192,0.004458988539920897,31.786833322020154,2.0
3.0,100.0,0.8277755236404012,0.01971155110012255,0.56,45.56126660232504,8.577169901865997,0.2505958116144076,3.0,2.0,0.5433605829069192,0.004458988539920897,27.913133988546004,2.0
3.0,110.0,0.7956843644901319,-0.0032091159150269277,0.6,53.830804285110716,8.579498694333584,0.2505958116144076,3.0,2.0,0.5433605829069192,0.004458988539920897,20.382608370515644,2.0
3.0,120.0,0.6578999042654594,-0.01377844602246725,0.58,61.35972901372601,8.581691669073827,0.2505958116144076,2.0,2.0,0.5433605829069192,0.004458988539920897,13.887597671481222,2.0
3.0,130.0,0.5000240158181732,-0.01578758884472862,0.54,67.16106353275498,8.583744651634657,0.2505958116144076,2.0,2.0,0.4916119559634031,0.004864351134459159,11.09450066943826,2.0
3.0,140.0,0.3581021401746938,-0.014192187564347947,0.5,71.5004395657263,8.585653734047096,0.2505958116144076,2.0,2.0,0.4916119559634031,0.004864351134459159,10.45977068056694,2.0
3.0,150.0,0.3486023436383441,-0.0009499796536349692,0.51,75.10167654267818,8.587415282264256,0.2505958116144076,2.0,2.0,0.4916119559634031,0.004864351134459159,10.109350737548647,2.0
3.0,160.0,0.379033976555192,0.0030431632916847915,0.53,78.59974825766645,8.589025943078997,0.2505958116144076,2.0,2.0,0.4916119559634031,0.004864351134459159,9.26050358971663,2.0
3.0,170.0,0.3305690485939188,-0.004846492796127322,0.53,82.18892522361536,8.590482650506907,0.2505958116144076,2.0,2.0,0.4916119559634031,0.004864351134459159,8.135675235168407,2.0
3.0,180.0,0.30212537696938924,-0.0028443671624529543,0.54,85.42401562728651,8.591782631622603,0.2505958116144076,2.0,2.0,0.4916119559634031,0.004864351134459159,6.978252157432317,2.0
3.0,190.0,0.27381920901699885,-0.002830616795239038,0.53,88.35506426267438,8.59292341183815,0.2505958116144076,2.0,2.0,0.4916119559634031,0.004864351134459159,5.910229416549514,2.0
3.0,200.0,0.2261476029175462,-0.004767160609945265,0.52,90.83230075647072,8.593902819613568,0.2505958116144076,2.0,2.0,0.4916119559634031,0.004864351134459159,5.196281515299109,2.0
3.0,210.0,0.19462751530792133,-0.003152008760962488,0.52,92.96557153743979,8.594718990590486,0.2505958116144076,2.0,2.0,0.4916119559634031,0.004864351134459159,4.585227058789426,2.0
3.0,220.0,0.17941143112965108,-0.001521608417827025,0.52,94.91124024874111,8.595370371141065,0.2505958116144076,2.0,2.0,0.4916119559634031,0.004864351134459159,4.014848162490267,2.0
3.0,230.0,0.16553359202103834,-0.0013877839108612732,0.52,96.69983033897286,8.59585572132541,0.2505958116144076,2.0,2.0,0.4916119559634031,0.004864351134459159,3.446632225514957,2.0
3.0,240.0,0.13807033963237814,-0.0027463252388660207,0.52,98.14074355244874,8.596174117251849,0.2505958116144076,2.0,2.0,0.4916119559634031,0.004864351134459159,3.23428398594639,2.0
3.0,250.0,0.12899070319997108,-0.0009079636432407056,0.52,99.48217892161364,8.596324952835648,0.2505958116144076,2.0,2.0,0.4916119559634031,0.004864351134459159,2.7282700795656027,2.0
3.0,260.0,0.11499742194817131,-0.001399328125179977,0.52,100.59455444497458,8.596307940952698,0.2505958116144076,2.0,2.0,0.4916119559634031,0.004864351134459159,2.505851885465797,2.0
3.0,270.0,0.10246431329676398,-0.0012533108651407332,0.51,101.60031793923106,8.596123113986081,0.2505958116144076,2.0,2.0,0.4916119559634031,0.004864351134459159,2.1557112069569775,2.0
3.0,280.0,0.08240880278764351,-0.0020055510509120467,0.52,102.54723532375465,8.59577082376444,0.2505958116144076,2.0,2.0,0.4916119559634031,0.004864351134459159,1.972022893933786,2.0
3.0,290.0,0.08866582152303693,0.0006257018735393415,0.52,103.41879925697182,8.59525174089223,0.2505958116144076,2.0,2.0,0.4916119559634031,0.004864351134459159,1.7025464404490074,2.0
3.0,300.0,0.07681280404914403,-0.001185301747389289,0.52,104.23111006475787,8.594566853473204,0.2505958116144076,2.0,2.0,0.4916119559634031,0.004864351134459159,1.4997395584881748,2.0
4.0,0.0,-0.646821714054294,0.0,0.0,0.0,12.615419154757618,0.16200773364254825,1.0,2.0,0.7260849766719689,0.004370663104893498,26.998772127601093,0.0
4.0,10.0,0.0579344665725543,0.07047561806268483,0.0,0.0,12.640769529345576,0.16200773364254825,2.0,3.0,0.7260849766719689,0.004370663104893498,28.739430492849515,0.0
4.0,20.0,0.722092039756042,0.06641575731834877,0.37,3.759947178191215,12.666091117769938,0.16200773364254825,2.0,3.0,0.7260849766719689,0.004370663104893498,30.659148790978946,0.0
4.0,30.0,1.0572301307407486,0.03351380909847066,0.61,13.095605079503276,12.691335718947954,0.16200773364254825,3.0,3.0,0.7260849766719689,0.004370663104893498,19.645112463851888,0.0
4.0,40.0,0.7695305044282712,-0.028769962631247738,0.5,22.551967040237333,12.71645527834648,0.16200773364254825,3.0,1.0,0.7260849766719689,0.004370663104893498,10.480004816897285,0.0
4.0,50.0,0.3904729899367716,-0.03790575144914996,0.32,28.431149556237244,12.741401979456484,0.16200773364254825,2.0,1.0,0.7260849766719689,0.004370663104893498,9.749917564032547,0.0
4.0,60.0,0.27994374500636354,-0.011052924493040805,0.28,31.663236542530374,12.766128334814539,0.16200773364254825,2.0,2.0,0.7260849766719689,0.004370663104893498,10.941694364351221,0.0
4.0,70.0,0.42356903889206166,0.01436252938856981,0.37,35.066160074989014,12.790587276397858,0.16200773364254825,2.0,2.0,0.7260849766719689,0.004370663104893498,10.487947442916157,0.0
4.0,80.0,0.48058665320490235,0.005701761431284069,0.42,39.91058163282562,12.81473224522098,0.16200773364254825,2.0,2.0,0.7260849766719689,0.004370663104893498,8.734231417262814,0.0
4.0,90.0,0.4023037090452739,-0.007828294415962844,0.39,44.611009429174395,12.838517279963455,0.16200773364254825,2.0,2.0,0.7260849766719689,0.004370663104893498,7.647796566321301,0.0
4.0,100.0,0.3290729054956181,-0.007323080354965583,0.39,48.655936985820965,12.861897104459779,0.16200773364254825,2.0,2.0,0.7260849766719689,0.004370663104893498,6.860780917818433,0.0
4.0,110.0,0.3012299940969534,-0.002784291139866468,0.35000000000000003,51.81832285699858,12.88482721388521,0.16200773364254825,2.0,2.0,0.7260849766719689,0.004370663104893498,6.6690836352467375,0.0
4.0,120.0,0.27908308497363876,-0.002214690912331463,0.36,54.64354317703358,12.907263959473191,0.16200773364254825,2.0,2.0,0.7260849766719689,0.004370663104893498,6.448969585511163,0.0
4.0,130.0,0.30016797977689436,0.0021084894803255596,0.4,57.53154558358964,12.929164631603278,0.16200773364254825,2.0,2.0,0.7260849766719689,0.004370663104893498,5.7650674132442425,0.0
4.0,140.0,0.33505103859424423,0.0034883058817349877,0.42,60.54293958444285,12.950487541101317,0.16200773364254825,2.0,2.0,0.7260849766719689,0.004370663104893498,4.856894915492785,0.0
4.0,150.0,0.24184433385214632,-0.009320670474209791,0.4,63.453832649640404,12.971192098597164,0.16200773364254825,2.0,2.0,0.7260849766719689,0.004370663104893498,4.280510325567698,0.0
4.0,160.0,0.16988732808415108,-0.007195700576799524,0.37,65.59215897357751,12.99123889178886,0.16200773364254825,2.0,2.0,0.7260849766719689,0.004370663104893498,4.275776139800292,0.0
4.0,170.0,0.18860451555100965,0.0018717187466858575,0.36,67.37254956329906,13.010589760466168,0.16200773364254825,2.0,2.0,0.7260849766719689,0.004370663104893498,4.205210282788165,0.0
4.0,180.0,0.2345903306654975,0.004598581511448785,0.39,69.56920318378076,13.029207869150738,0.16200773364254825,2.0,2.0,0.7260849766719689,0.004370663104893498,3.48299313620232,0.0
4.0,190.0,0.18314493407850918,-0.0051445396586988325,0.4,71.77223835487484,13.047057777214505,0.16200773364254825,2.0,2.0,0.4916119559634031,0.004864351134459159,2.7068986953079452,0.0
4.0,200.0,0.1654422919269436,-0.0017702642151565585,0.38,73.6041576873646,13.06410550634294,0.16200773364254825,2.0,2.0,0.4916119559634031,0.004864351134459159,2.2284556877707113,0.0
4.0,210.0,0.15436103195353468,-0.001108125997340892,0.4,75.26039162036409,13.080318605214721,0.16200773364254825,2.0,2.0,0.4916119559634031,0.004864351134459159,2.001330055666818,0.0
4.0,220.0,0.1050132694198389,-0.004934776253369577,0.4,76.60181105607718,13.095666211274661,0.16200773364254825,2.0,2.0,0.4916119559634031,0.004864351134459159,2.0176783019770386,0.0
4.0,230.0,0.1626075079967464,0.005759423857690749,0.41000000000000003,77.85154324589271,13.110119109482312,0.16200773364254825,2.0,2.0,0.7260849766719689,0.004370663104893498,1.8907476295072903,0.0
4.0,240.0,0.11319868659527188,-0.0049408821401474515,0.39,79.01035605532701,13.123649787924492,0.16200773364254825,2.0,2.0,0.7260849766719689,0.004370663104893498,1.893922201719385,0.0
4.0,250.0,0.1327457439755726,0.0019547057380300712,0.39,79.90216128869112,13.136232490185755,0.16200773364254825,2.0,2.0,0.7260849766719689,0.004370663104893498,2.2668510973162315,0.0
4.0,260.0,0.1750560862716135,0.004231034229604092,0.42,81.43928874609016,13.147843264377187,0.16200773364254825,2.0,2.0,0.5433605829069192,0.004458988539920897,1.838710062909618,0.0
4.0,270.0,0.04448857933905259,-0.013056750693256092,0.35000000000000003,82.7318171743764,13.15846000873021,0.16200773364254825,2.0,2.0,0.5433605829069192,0.004458988539920897,1.0246620445186514,0.0
4.0,280.0,0.045851014188080796,0.00013624348490282046,0.35000000000000003,83.06630577248136,13.168062513668524,0.16200773364254825,2.0,2.0,0.7260849766719689,0.004370663104893498,1.628324217961172,0.0
4.0,290.0,0.07819125685593775,0.0032340242667856954,0.37,83.63706382686567,13.17663250027821,0.16200773364254825,2.0,2.0,0.5433605829069192,0.004458988539920897,2.1622157753897095,0.0
4.0,300.0,0.07895675619931808,7.65499343380327e-05,0.39,84.54143592827705,13.18415365510267,0.16200773364254825,2.0,2.0,0.5433605829069192,0.004458988539920897,2.196757977062519,0.0
4.0,0.0,-0.6632524404163931,0.0,0.0,0.0,12.615419154757618,0.16200773364254825,1.0,2.0,0.7260849766719689,0.004370663104893498,27.072537941182492,1.0
4.0,10.0,0.011468142277934135,0.06747205826943273,0.0,0.0,12.640769529345576,0.16200773364254825,2.0,3.0,0.7260849766719689,0.004370663104893498,30.179079633334197,1.0
4.0,20.0,0.7540956721427641,0.074262752986483,0.49,3.5103450153479336,12.666091117769938,0.16200773364254825,3.0,3.0,0.7260849766719689,0.004370663104893498,26.00638275260044,1.0
4.0,30.0,0.9608509054145138,0.020675523327174972,0.77,12.764797338631166,12.691335718947954,0.16200773364254825,3.0,2.0,0.7260849766719689,0.004370663104893498,11.9802496302154,1.0
4.0,40.0,0.328888863444341,-0.06319620419701728,0.36,19.48391802328958,12.71645527834648,0.16200773364254825,2.0,1.0,0.4916119559634031,0.004864351134459159,9.402321677360343,1.0
4.0,50.0,0.008177169430872766,-0.03207116940134682,0.0,20.81893931614091,12.741401979456484,0.16200773364254825,2.0,1.0,0.7260849766719689,0.004370663104893498,15.877749011285934,1.0
4.0,60.0,0.34569571604107097,0.03375185466101982,0.34,22.15696263963086,12.766128334814539,0.16200773364254825,2.0,3.0,0.7260849766719689,0.004370663104893498,17.018204540697855,1.0
4.0,70.0,0.6285000590176679,0.028280434297659696,0.61,27.63676646431731,12.790587276397858,0.16200773364254825,2.0,3.0,0.7260849766719689,0.004370663104893498,10.788949600794771,1.0
4.0,80.0,0.3754467045052685,-0.02530533545123994,0.48,33.74081513841523,12.81473224522098,0.16200773364254825,2.0,1.0,0.7260849766719689,0.004370663104893498,6.6674916275325185,1.0
4.0,90.0,0.1333501205517571,-0.024209658395351143,0.26,36.182277295202056,12.838517279963455,0.16200773364254825,2.0,2.0,0.7260849766719689,0.004370663104893498,8.605319917791562,1.0
4.0,100.0,0.08282574469224713,-0.005052437585950998,0.25,36.90224791339802,12.861897104459779,0.16200773364254825,2.0,2.0,0.7260849766719689,0.004370663104893498,10.61185787912008,1.0
4.0,110.0,0.356455260796789,0.02736295161045419,0.45,39.46412578550117,12.88482721388521,0.16200773364254825,2.0,3.0,0.7260849766719689,0.004370663104893498,8.992025912776185,1.0
4.0,120.0,0.3482042247914414,-0.00082510360053476,0.45,43.374432571206036,12.907263959473191,0.16200773364254825,2.0,2.0,0.7260849766719689,0.004370663104893498,6.969504237861243,1.0
4.0,130.0,0.18517924365088234,-0.01630249811405591,0.36,46.35948737617801,12.929164631603278,0.16200773364254825,2.0,2.0,0.7260849766719689,0.004370663104893498,6.805604906234447,1.0
4.0,140.0,0.17036880815540556,-0.0014810435495476782,0.35000000000000003,48.18742865525364,12.950487541101317,0.16200773364254825,2.0,2.0,0.7260849766719689,0.004370663104893498,7.233392097821514,1.0
4.0,150.0,0.2579409894561415,0.008757218130073597,0.39,49.95896697426903,12.971192098597164,0.16200773364254825,2.0,2.0,0.7260849766719689,0.004370663104893498,6.994510375827731,1.0
4.0,160.0,0.24934996311617041,-0.0008591026339971108,0.41000000000000003,52.42474498208096,12.99123889178886,0.16200773364254825,2.0,2.0,0.7260849766719689,0.004370663104893498,6.102479951878057,1.0
4.0,170.0,0.21347431187364663,-0.003587565124252379,0.39,54.80634642525672,13.010589760466168,0.16200773364254825,2.0,2.0,0.7260849766719689,0.004370663104893498,5.467241379376454,1.0
4.0,180.0,0.21492055457799708,0.00014462427043504533,0.41000000000000003,56.98109862055046,13.029207869150738,0.16200773364254825,2.0,2.0,0.7260849766719689,0.004370663104893498,4.859455613740998,1.0
4.0,190.0,0.09810439240979818,-0.01168161621681989,0.35000000000000003,58.61796443463824,13.047057777214505,0.16200773364254825,2.0,2.0,0.4916119559634031,0.004864351134459159,5.141967202620773,1.0
4.0,200.0,0.1586256179241552,0.006052122551435701,0.34,59.62168974238383,13.06410550634294,0.16200773364254825,2.0,2.0,0.7260849766719689,0.004370663104893498,5.537340371475894,1.0
4.0,210.0,0.17014027505769747,0.0011514657133542272,0.39,61.063713290553174,13.080318605214721,0.16200773364254825,2.0,2.0,0.7260849766719689,0.004370663104893498,5.172383394958194,1.0
4.0,220.0,0.23239219222320529,0.006225191716550782,0.46,63.37234647098253,13.095666211274661,0.16200773364254825,2.0,2.0,0.4916119559634031,0.004864351134459159,3.538849777587854,1.0
4.0,230.0,0.15231437734863107,-0.008007781487457422,0.39,65.03945643948711,13.110119109482312,0.16200773364254825,2.0,2.0,0.4916119559634031,0.004864351134459159,2.9475045351250624,1.0
4.0,240.0,0.038689280266325454,-0.01136250970823056,0.33,66.06450984698334,13.123649787924492,0.16200773364254825,2.0,2.0,0.4916119559634031,0.004864351134459159,3.5883984552930217,1.0
4.0,250.0,0.12770472465792793,0.008901544439160247,0.35000000000000003,66.51017229921877,13.136232490185755,0.16200773364254825,2.0,2.0,0.7260849766719689,0.004370663104893498,4.5043604060238795,1.0
4.0,260.0,0.16119145897069131,0.003348673431276339,0.43,68.07349862243134,13.147843264377187,0.16200773364254825,2.0,2.0,0.4916119559634031,0.004864351134459159,3.3707760530068707,1.0
4.0,270.0,0.1678285990382946,0.0006637140067603297,0.43,69.7853763989084,13.15846000873021,0.16200773364254825,2.0,2.0,0.4916119559634031,0.004864351134459159,1.8992358795627013,1.0
4.0,280.0,0.0629682374410514,-0.010486036159724321,0.37,70.95293602542804,13.168062513668524,0.16200773364254825,2.0,2.0,0.4916119559634031,0.004864351134459159,1.7414054687331844,1.0
4.0,290.0,0.0137588874435437,-0.00492093499975077,0.32,71.34769322488293,13.17663250027821,0.16200773364254825,2.0,2.0,0.4916119559634031,0.004864351134459159,2.8433887999215632,1.0
4.0,300.0,0.09300296783232298,0.007924408038877928,0.39,72.07005105005535,13.18415365510267,0.16200773364254825,2.0,2.0,0.4916119559634031,0.004864351134459159,2.700219064300649,1.0
4.0,0.0,-0.6512994274709172,0.0,0.0,0.0,12.615419154757618,0.16200773364254825,1.0,2.0,0.7260849766719689,0.004370663104893498,27.018874840401676,2.0
4.0,10.0,0.011422069567558424,0.06627214970384757,0.0,0.0,12.640769529345576,0.16200773364254825,2.0,3.0,0.7260849766719689,0.004370663104893498,30.178975355969854,2.0
4.0,20.0,0.7994651944660838,0.07880431248985253,0.33,3.9031638080230167,12.666091117769938,0.16200773364254825,3.0,3.0,0.7260849766719689,0.004370663104893498,35.019400741463,2.0
4.0,30.0,1.1321180250141794,0.03326528305480956,0.53,13.608542690480178,12.691335718947954,0.16200773364254825,3.0,3.0,0.7260849766719689,0.004370663104893498,25.87498193607604,2.0
4.0,40.0,0.9385742688306671,-0.019354375618351228,0.54,24.160849638575364,12.71645527834648,0.16200773364254825,3.0,2.0,0.7260849766719689,0.004370663104893498,12.914077054674888,2.0
4.0,50.0,0.588724770217091,-0.034984949861357605,0.41000000000000003,31.725082791112033,12.741401979456484,0.16200773364254825,2.0,1.0,0.7260849766719689,0.004370663104893498,8.855359893419909,2.0
4.0,60.0,0.3019485630592591,-0.02867762071578319,0.33,36.35664610027745,12.766128334814539,0.16200773364254825,2.0,1.0,0.7260849766719689,0.004370663104893498,9.18357622173671,2.0
4.0,70.0,0.309041909248684,0.000709334618942492,0.33,39.50190383022219,12.790587276397858,0.16200773364254825,2.0,2.0,0.7260849766719689,0.004370663104893498,9.411473326276175,2.0
4.0,80.0,0.41583724693191826,0.010679533768323424,0.39,43.29732920336387,12.81473224522098,0.16200773364254825,2.0,2.0,0.7260849766719689,0.004370663104893498,8.467410084941475,2.0
4.0,90.0,0.4032870129826627,-0.0012550233949255585,0.42,47.76896655343165,12.838517279963455,0.16200773364254825,2.0,2.0,0.7260849766719689,0.004370663104893498,7.082994522019901,2.0
4.0,100.0,0.3609078704073454,-0.0042379142575317275,0.4,51.56094971101237,12.861897104459779,0.16200773364254825,2.0,2.0,0.7260849766719689,0.004370663104893498,6.3589656272772155,2.0
4.0,110.0,0.33129539741803526,-0.0029612472989310134,0.39,54.7736868405457,12.88482721388521,0.16200773364254825,2.0,2.0,0.7260849766719689,0.004370663104893498,5.8025988418532375,2.0
4.0,120.0,0.24595863370167947,-0.008533676371635579,0.38,57.59463972696953,12.907263959473191,0.16200773364254825,2.0,2.0,0.7260849766719689,0.004370663104893498,5.355862782743579,2.0
4.0,130.0,0.2664311456469761,0.0020472511945296644,0.38,59.98604260292893,12.929164631603278,0.16200773364254825,2.0,2.0,0.7260849766719689,0.004370663104893498,4.984201960991337,2.0
4.0,140.0,0.20456634057808643,-0.0061864805068889694,0.37,62.296591722328245,12.950487541101317,0.16200773364254825,2.0,2.0,0.7260849766719689,0.004370663104893498,4.597408357437909,2.0
4.0,150.0,0.1873960934704897,-0.0017170247107596737,0.39,64.57159317418709,12.971192098597164,0.16200773364254825,2.0,2.0,0.7260849766719689,0.004370663104893498,4.027474992497093,2.0
4.0,160.0,0.18107282472509212,-0.000632326874539757,0.39,66.4551888106487,12.99123889178886,0.16200773364254825,2.0,2.0,0.4916119559634031,0.004864351134459159,3.57621507105172,2.0
4.0,170.0,0.13818062398388875,-0.0042892200741203364,0.38,68.00625425596405,13.010589760466168,0.16200773364254825,2.0,2.0,0.4916119559634031,0.004864351134459159,3.2745297144988177,2.0
4.0,180.0,0.1374113952747429,-7.692287091458639e-05,0.39,69.53788746158467,13.029207869150738,0.16200773364254825,2.0,2.0,0.4916119559634031,0.004864351134459159,2.786893106577869,2.0
4.0,190.0,0.06959051127097737,-0.006782088400376552,0.39,70.75768555768232,13.047057777214505,0.16200773364254825,2.0,2.0,0.4916119559634031,0.004864351134459159,2.6525442086443025,2.0
4.0,200.0,0.13120220970054675,0.006161169842956937,0.38,71.51681224392274,13.06410550634294,0.16200773364254825,2.0,2.0,0.4916119559634031,0.004864351134459159,2.7526547834799864,2.0
4.0,210.0,0.0952192272691903,-0.0035982982431356446,0.37,72.82469002067728,13.080318605214721,0.16200773364254825,2.0,2.0,0.4916119559634031,0.004864351134459159,2.1695553670444596,2.0
4.0,220.0,0.1381271977071492,0.004290797043795891,0.41000000000000003,73.91085137490563,13.095666211274661,0.16200773364254825,2.0,2.0,0.4916119559634031,0.004864351134459159,1.6927856726757406,2.0
4.0,230.0,0.04877362580686295,-0.008935357190028626,0.37,75.12791491729061,13.110119109482312,0.16200773364254825,2.0,2.0,0.4916119559634031,0.004864351134459159,1.2165399012219136,2.0
4.0,240.0,0.07948631148457252,0.0030712685677709572,0.37,75.5310609638737,13.123649787924492,0.16200773364254825,2.0,2.0,0.4916119559634031,0.004864351134459159,1.3713451803909193,2.0
4.0,250.0,0.05768453411301877,-0.0021801777371553755,0.37,76.14077844209767,13.136232490185755,0.16200773364254825,2.0,2.0,0.4916119559634031,0.004864351134459159,1.3273010806844983,2.0
4.0,260.0,0.0988926166254025,0.004120808251238372,0.41000000000000003,76.8177705824038,13.147843264377187,0.16200773364254825,2.0,2.0,0.4916119559634031,0.004864351134459159,1.1649939283366932,2.0
4.0,270.0,0.07133528794870259,-0.002755732867669991,0.39,77.52097332052675,13.15846000873021,0.16200773364254825,2.0,2.0,0.4916119559634031,0.004864351134459159,0.860809979665888,2.0
4.0,280.0,-0.0009682538073469971,-0.007230354175604958,0.36,77.72116151520667,13.168062513668524,0.16200773364254825,2.0,2.0,0.4916119559634031,0.004864351134459159,1.1409797730528684,2.0
4.0,290.0,0.03935459410000419,0.004032284790735119,0.39,78.13839111763541,13.17663250027821,0.16200773364254825,2.0,2.0,0.4916119559634031,0.004864351134459159,1.1798093813517585,2.0
4.0,300.0,0.04864343192869569,0.0009288837828691499,0.39,78.69750700511429,13.18415365510267,0.16200773364254825,2.0,2.0,0.4916119559634031,0.004864351134459159,1.0859696601561089,2.0
5.0,0.0,-4.07551388766019,0.0,0.0,0.0,10.11379432289501,0.12438483027145328,0.0,2.0,0.5174862694351612,0.004053625945382633,190.38040431987702,0.0
5.0,10.0,-3.4193091504287985,0.06562047372313913,0.0,0.0,10.240551364960929,0.12438483027145328,0.0,3.0,0.5174862694351612,0.004053625945382633,102.8896248172995,0.0
5.0,20.0,-1.7683533226126116,0.16509558278161868,0.0,0.0,11.189176920245089,0.12438483027145328,1.0,3.0,0.4432174371979435,0.002614380106852066,42.31705816521813,0.0
5.0,30.0,-0.9553890773121196,0.08129642453004919,0.0,0.0,11.308732275308934,0.12438483027145328,1.0,3.0,0.5433605829069192,0.004458988539920897,24.36117650633202,0.0
5.0,40.0,-0.296921960678457,0.06584671166336627,0.0,0.0,11.424341877375142,0.12438483027145328,2.0,3.0,0.5433605829069192,0.004458988539920897,26.42274312772081,0.0
5.0,50.0,0.43145813016737833,0.07283800908458353,0.25,1.0630131895328176,11.535785656995373,0.12438483027145328,2.0,3.0,0.5433605829069192,0.004458988539920897,25.74700485168388,0.0
5.0,60.0,0.9206215457262275,0.04891634155588491,0.5,8.135956468919634,11.64285147460106,0.12438483027145328,3.0,3.0,0.439863329019887,0.004661669837190028,16.32761603842932,0.0
5.0,70.0,0.6046201948356575,-0.03160013508905699,0.41000000000000003,16.495941010900605,11.745335524323167,0.12438483027145328,2.0,1.0,0.439863329019887,0.004661669837190028,7.535007912669969,0.0
5.0,80.0,-0.07912726335608866,-0.06837474581917462,0.0,19.216433964271648,11.843042721948237,0.12438483027145328,2.0,1.0,0.5433605829069192,0.004458988539920897,14.747579361344075,0.0
5.0,90.0,-0.12847074257910407,-0.004934347922301541,0.0,18.858101987206528,11.935787076272284,0.12438483027145328,2.0,2.0,0.5433605829069192,0.004458988539920897,17.246672952191943,0.0
5.0,100.0,0.44603786897448927,0.057450861155359335,0.28,20.017562767024494,12.023392043145599,0.12438483027145328,2.0,3.0,0.4916119559634031,0.004864351134459159,19.50932466473966,0.0
5.0,110.0,0.7387687438116153,0.0292730874837126,0.51,26.689887315782887,12.105690861534605,0.12438483027145328,2.0,3.0,0.4432174371979435,0.002614380106852066,9.310072068915861,0.0
5.0,120.0,0.30644450680613033,-0.04323242370054849,0.34,32.71807094538816,12.182526870960928,0.12438483027145328,2.0,1.0,0.439863329019887,0.004661669837190028,7.739757364441772,0.0
5.0,130.0,-0.20724656009152298,-0.05136910668976533,0.0,33.04582799593359,12.253753809713565,0.12438483027145328,2.0,1.0,0.5433605829069192,0.004458988539920897,14.309208416085637,0.0
5.0,140.0,-0.08292197242914767,0.01243245876623753,0.0,31.479797840730306,12.31923609326632,0.12438483027145328,2.0,2.0,0.5433605829069192,0.004458988539920897,13.283963217352941,0.0
5.0,150.0,0.5471835223257564,0.06301054947549041,0.4,33.59597319541645,12.378849072370677,0.12438483027145328,2.0,3.0,0.4432174371979435,0.002614380106852066,15.50726974581681,0.0
5.0,160.0,0.6603416463962652,0.011315812407050884,0.52,40.290255004281434,12.432479270332735,0.12438483027145328,2.0,2.0,0.4432174371979435,0.002614380106852066,7.723365551406887,0.0
5.0,170.0,0.01250906817320896,-0.06478325782230562,0.25,44.23547536907897,12.480024599022528,0.12438483027145328,2.0,1.0,0.439863329019887,0.004661669837190028,10.661269897162015,0.0
5.0,180.0,-0.37329769520986744,-0.03858067633830764,0.0,43.01376558779377,12.521394553204601,0.12438483027145328,2.0,1.0,0.4916119559634031,0.004864351134459159,11.957949803033387,0.0
5.0,190.0,0.06728542524549752,0.044058312045536493,0.25,41.79007834546097,12.556510382819852,0.12438483027145328,2.0,3.0,0.4916119559634031,0.004864351134459159,12.757152338151307,0.0
5.0,200.0,0.5794515294499263,0.05121661042044288,0.47000000000000003,45.19779431975077,12.585305242890755,0.12438483027145328,2.0,3.0,0.4432174371979435,0.002614380106852066,8.813565621860707,0.0
5.0,210.0,0.3740813076034293,-0.0205370221846497,0.42,50.66539310948008,12.607724320764568,0.12438483027145328,2.0,2.0,0.4432174371979435,0.002614380106852066,7.990189316492466,0.0
5.0,220.0,-0.20555242568897825,-0.05796337332924075,0.0,51.73074999012465,12.623724940452348,0.12438483027145328,2.0,1.0,0.4916119559634031,0.004864351134459159,10.95472431770469,0.0
5.0,230.0,-0.31594478082546473,-0.01103923551364865,0.0,49.18741367706498,12.633276643865102,0.12438483027145328,2.0,2.0,0.4916119559634031,0.004864351134459159,8.201589224955283,0.0
5.0,240.0,0.2791080248812854,0.059505280570675015,0.31,48.53030258479525,12.63636124879249,0.12438483027145328,2.0,3.0,0.439863329019887,0.004661669837190028,12.795830076180334,0.0
5.0,250.0,0.5851648390132027,0.030605681413191733,0.51,53.26986285856981,12.63297288351373,0.12438483027145328,2.0,3.0,0.4432174371979435,0.002614380106852066,6.658470091931763,0.0
5.0,260.0,0.10907771402496635,-0.04760871249882363,0.3,57.311811871823764,12.62311799797471,0.12438483027145328,2.0,1.0,0.5174862694351612,0.004053625945382633,10.264224440707908,0.0
5.0,270.0,-0.3789798760244807,-0.0488057590049447,0.0,55.630911804958956,12.606815351510157,0.12438483027145328,1.0,1.0,0.439863329019887,0.004661669837190028,10.674961817518929,0.0
5.0,280.0,-0.1333451516694808,0.02456347243549999,0.0,52.46494330364537,12.584095977134204,0.12438483027145328,2.0,2.0,0.439863329019887,0.004661669837190028,9.53465810589656,0.0
5.0,290.0,0.45727402325488953,0.059061917492437034,0.43,53.876660891402864,12.55500312246727,0.12438483027145328,2.0,3.0,0.4432174371979435,0.002614380106852066,8.522124483252227,0.0
5.0,300.0,0.42748301700664015,-0.0029791006248249376,0.48,58.90027372410435,12.51959216741173,0.12438483027145328,2.0,2.0,0.4432174371979435,0.002614380106852066,7.77155786062218,0.0
5.0,0.0,-4.095879985107203,0.0,0.0,0.0,10.11379432289501,0.12438483027145328,0.0,2.0,0.5174862694351612,0.004053625945382633,190.49241748409656,1.0
5.0,10.0,-3.451563982309491,0.06443160027977121,0.0,0.0,10.240551364960929,0.12438483027145328,0.0,3.0,0.5174862694351612,0.004053625945382633,103.0670237538173,1.0
5.0,20.0,-1.7771090214351979,0.16744549608742929,0.0,0.0,11.189176920245089,0.12438483027145328,1.0,3.0,0.4432174371979435,0.002614380106852066,42.365171007908344,1.0
5.0,30.0,-1.0058601447216695,0.07712488767135284,0.0,0.0,11.308732275308934,0.12438483027145328,1.0,3.0,0.5433605829069192,0.004458988539920897,24.624278025075597,1.0
5.0,40.0,-0.27754260959225974,0.07283175351294098,0.0,0.0,11.424341877375142,0.12438483027145328,2.0,3.0,0.5433605829069192,0.004458988539920897,26.3946900220984,1.0
5.0,50.0,0.41035011649204023,0.06878927260843,0.25,1.1179195922135499,11.535785656995373,0.12438483027145328,2.0,3.0,0.5433605829069192,0.004458988539920897,25.7294942076444,1.0
5.0,60.0,0.9008578133550813,0.049050769686304105,0.42,7.917002796412387,11.64285147460106,0.12438483027145328,3.0,3.0,0.439863329019887,0.004661669837190028,20.273700604476584,1.0
5.0,70.0,0.7433911941596207,-0.015746661919546056,0.39,16.684886435608227,11.745335524323167,0.12438483027145328,2.0,2.0,0.439863329019887,0.004661669837190028,7.24630299053912,1.0
5.0,80.0,0.23282498738463886,-0.051056620677498187,0.25,21.80279904785554,11.843042721948237,0.12438483027145328,2.0,1.0,0.4916119559634031,0.004864351134459159,5.187388867346183,1.0
5.0,90.0,0.042445646301249695,-0.019037934108338917,0.0,22.985191766090683,11.935787076272284,0.12438483027145328,2.0,2.0,0.5433605829069192,0.004458988539920897,10.137277891884306,1.0
5.0,100.0,0.4717196141547433,0.04292739678534936,0.25,24.879346399193842,12.023392043145599,0.12438483027145328,2.0,3.0,0.439863329019887,0.004661669837190028,19.824222039206408,1.0
5.0,110.0,0.7927289819148022,0.032100936776005895,0.42,31.685838954737733,12.105690861534605,0.12438483027145328,3.0,3.0,0.4432174371979435,0.002614380106852066,11.656449603778515,1.0
5.0,120.0,0.4577877896785978,-0.033494119223620444,0.32,38.38718197536298,12.182526870960928,0.12438483027145328,2.0,1.0,0.5174862694351612,0.004053625945382633,4.961154455279635,1.0
5.0,130.0,0.08662600571620516,-0.03711617839623926,0.25,41.087479830452864,12.253753809713565,0.12438483027145328,2.0,1.0,0.5174862694351612,0.004053625945382633,2.197596985364411,1.0
5.0,140.0,-0.05283203829084826,-0.013945804400705341,0.0,41.08022310938624,12.31923609326632,0.12438483027145328,2.0,2.0,0.4916119559634031,0.004864351134459159,6.718678764727913,1.0
5.0,150.0,0.35354233954572223,0.04063743778365705,0.25,41.91710196292506,12.378849072370677,0.12438483027145328,2.0,3.0,0.439863329019887,0.004661669837190028,16.697671820301906,1.0
5.0,160.0,0.695896539896971,0.03423542003512488,0.43,47.56220813104787,12.432479270332735,0.12438483027145328,2.0,3.0,0.4432174371979435,0.002614380106852066,10.680537080599962,1.0
5.0,170.0,0.44657282944131893,-0.024932371045565206,0.36,53.80915057224027,12.480024599022528,0.12438483027145328,2.0,2.0,0.4432174371979435,0.002614380106852066,5.715849865642171,1.0
5.0,180.0,0.003955951627546028,-0.04426168778137729,0.25,55.871908122318914,12.521394553204601,0.12438483027145328,2.0,1.0,0.5174862694351612,0.004053625945382633,5.132675871332061,1.0
5.0,190.0,-0.11865583983252037,-0.01226117914600664,0.0,55.0869479895253,12.556510382819852,0.12438483027145328,2.0,2.0,0.439863329019887,0.004661669837190028,5.447278396823003,1.0
5.0,200.0,0.3075849524503447,0.0426240792282865,0.25,55.31034472542938,12.585305242890755,0.12438483027145328,2.0,3.0,0.4432174371979435,0.002614380106852066,12.0138775831706,1.0
5.0,210.0,0.5933916340928143,0.02858066816424696,0.42,60.1428461756001,12.607724320764568,0.12438483027145328,2.0,3.0,0.4432174371979435,0.002614380106852066,8.203726708293962,1.0
5.0,220.0,0.32388452866648265,-0.02695071054263316,0.32,65.08559819674375,12.623724940452348,0.12438483027145328,2.0,1.0,0.4432174371979435,0.002614380106852066,4.140441703265939,1.0
5.0,230.0,-0.055119602952817814,-0.03790041316193005,0.25,66.35585513891692,12.633276643865102,0.12438483027145328,2.0,1.0,0.5174862694351612,0.004053625945382633,4.674083678811824,1.0
5.0,240.0,-0.09696927814158585,-0.004184967518876803,0.0,65.42550056172826,12.63636124879249,0.12438483027145328,2.0,2.0,0.5174862694351612,0.004053625945382633,3.0275817338270334,1.0
5.0,250.0,0.03209422512745519,0.012906350326904103,0.25,64.73729775276024,12.63297288351373,0.12438483027145328,2.0,2.0,0.5174862694351612,0.004053625945382633,4.051876464133236,1.0
5.0,260.0,0.1487809473500512,0.011668672222259601,0.25,65.80760856210259,12.62311799797471,0.12438483027145328,2.0,2.0,0.5174862694351612,0.004053625945382633,5.206369216038874,1.0
5.0,270.0,0.17857131107605184,0.0029790363726000637,0.26,67.6620464762369,12.606815351510157,0.12438483027145328,2.0,2.0,0.4432174371979435,0.002614380106852066,4.9513086249344145,1.0
5.0,280.0,0.13961292282829518,-0.0038958388247756657,0.25,69.27947037518237,12.584095977134204,0.12438483027145328,2.0,2.0,0.4432174371979435,0.002614380106852066,4.8607208130510315,1.0
5.0,290.0,0.16537062574213834,0.002575770291384316,0.25,70.66054068029042,12.55500312246727,0.12438483027145328,2.0,2.0,0.4432174371979435,0.002614380106852066,4.761200286477586,1.0
5.0,300.0,0.1514801098831775,-0.001389051585896084,0.26,72.23471073915348,12.51959216741173,0.12438483027145328,2.0,2.0,0.4432174371979435,0.002614380106852066,4.294282260339422,1.0
5.0,0.0,-4.080427948562718,0.0,0.0,0.0,10.11379432289501,0.12438483027145328,0.0,2.0,0.5174862694351612,0.004053625945382633,190.40743156514543,2.0
5.0,10.0,-3.4291686184295713,0.06512593301331471,0.0,0.0,10.240551364960929,0.12438483027145328,0.0,3.0,0.5174862694351612,0.004053625945382633,102.94385108468285,2.0
5.0,20.0,-1.800250650530426,0.16289179678991453,0.0,0.0,11.189176920245089,0.12438483027145328,1.0,3.0,0.4432174371979435,0.002614380106852066,42.49233499365245,2.0
5.0,30.0,-0.9847162699876115,0.08155343805428146,0.0,0.0,11.308732275308934,0.12438483027145328,1.0,3.0,0.5433605829069192,0.004458988539920897,24.514056747021037,2.0
5.0,40.0,-0.2770199105207354,0.07076963594668761,0.0,0.0,11.424341877375142,0.12438483027145328,2.0,3.0,0.5433605829069192,0.004458988539920897,26.39409832714035,2.0
5.0,50.0,0.4087218097911247,0.06857417203118601,0.25,1.0886566411000835,11.535785656995373,0.12438483027145328,2.0,3.0,0.5433605829069192,0.004458988539920897,27.825599358104274,2.0
5.0,60.0,0.9397454601851223,0.05310236503939976,0.44,7.8900181246994165,11.64285147460106,0.12438483027145328,3.0,3.0,0.4432174371979435,0.002614380106852066,22.076293805345863,2.0
5.0,70.0,0.8052150148634887,-0.013453044532163361,0.45,17.13078575392306,11.745335524323167,0.12438483027145328,3.0,2.0,0.439863329019887,0.004661669837190028,8.336881440133492,2.0
5.0,80.0,0.17080048887172694,-0.06344145259917618,0.25,22.285062196080457,11.843042721948237,0.12438483027145328,2.0,1.0,0.5433605829069192,0.004458988539920897,10.14049595069405,2.0
5.0,90.0,-0.12308308972177784,-0.029388357859350477,0.0,22.295302480719933,11.935787076272284,0.12438483027145328,2.0,1.0,0.5433605829069192,0.004458988539920897,15.776063344667369,2.0
5.0,100.0,0.17972606476271835,0.03028091544844962,0.25,21.824646322747192,12.023392043145599,0.12438483027145328,2.0,3.0,0.5433605829069192,0.004458988539920897,17.888428262333846,2.0
5.0,110.0,0.7263303080452737,0.05466042432825553,0.43,26.355569076902803,12.105690861534605,0.12438483027145328,2.0,3.0,0.4432174371979435,0.002614380106852066,14.808234368462362,2.0
5.0,120.0,0.5931449018310282,-0.013318540621424546,0.43,33.579676392076124,12.182526870960928,0.12438483027145328,2.0,2.0,0.439863329019887,0.004661669837190028,6.9153166534369275,2.0
5.0,130.0,0.0357942704700136,-0.05573506313610146,0.25,36.90188430626873,12.253753809713565,0.12438483027145328,2.0,1.0,0.4916119559634031,0.004864351134459159,9.091399021145087,2.0
5.0,140.0,-0.24448981784025392,-0.028028408831026752,0.0,35.53431012547671,12.31923609326632,0.12438483027145328,2.0,1.0,0.4916119559634031,0.004864351134459159,12.078987581382238,2.0
5.0,150.0,0.21016516120164042,0.04546549790418943,0.25,34.53546846575022,12.378849072370677,0.12438483027145328,2.0,3.0,0.4916119559634031,0.004864351134459159,11.80925477616281,2.0
5.0,160.0,0.5636410249885095,0.035347586378686915,0.42,38.690861083098056,12.432479270332735,0.12438483027145328,2.0,3.0,0.4432174371979435,0.002614380106852066,7.940264031993167,2.0
5.0,170.0,0.3380657974889516,-0.022557522749955795,0.37,43.820412548296915,12.480024599022528,0.12438483027145328,2.0,2.0,0.5174862694351612,0.004053625945382633,6.148834980579342,2.0
5.0,180.0,-0.09938895393901959,-0.04374547514279712,0.25,45.26159670330297,12.521394553204601,0.12438483027145328,2.0,1.0,0.4916119559634031,0.004864351134459159,9.761037446676921,2.0
5.0,190.0,-0.2654106249958481,-0.016602167105682852,0.0,43.22484638277636,12.556510382819852,0.12438483027145328,2.0,2.0,0.4916119559634031,0.004864351134459159,10.08927146471095,2.0
5.0,200.0,0.16122229287970313,0.042663291787555124,0.25,41.956683300039074,12.585305242890755,0.12438483027145328,2.0,3.0,0.439863329019887,0.004661669837190028,10.056781304521934,2.0
5.0,210.0,0.5104481501321594,0.034922585725245626,0.44,45.81064971560278,12.607724320764568,0.12438483027145328,2.0,3.0,0.4432174371979435,0.002614380106852066,5.332641685774453,2.0
5.0,220.0,0.22681031698122922,-0.028363783315093018,0.35000000000000003,50.04289525197349,12.623724940452348,0.12438483027145328,2.0,1.0,0.5174862694351612,0.004053625945382633,6.823852371381861,2.0
5.0,230.0,-0.17093528607269093,-0.03977456030539202,0.25,50.419767797839334,12.633276643865102,0.12438483027145328,2.0,1.0,0.4916119559634031,0.004864351134459159,9.823519184846017,2.0
5.0,240.0,-0.3000057747784055,-0.012907048870571458,0.0,47.59850098501068,12.63636124879249,0.12438483027145328,2.0,2.0,0.439863329019887,0.004661669837190028,8.919221208493767,2.0
5.0,250.0,0.1808373186389005,0.0480843093417306,0.27,46.359336251177496,12.63297288351373,0.12438483027145328,2.0,3.0,0.439863329019887,0.004661669837190028,9.976224018295792,2.0
5.0,260.0,0.4632766528346224,0.02824393341957219,0.43,49.93034441747758,12.62311799797471,0.12438483027145328,2.0,3.0,0.4432174371979435,0.002614380106852066,4.735763775985593,2.0
5.0,270.0,0.19950654393360878,-0.02637701089010136,0.36,53.769430420249904,12.606815351510157,0.12438483027145328,2.0,1.0,0.5174862694351612,0.004053625945382633,7.431322934360375,2.0
5.0,280.0,-0.23841984068211275,-0.04379263846157215,0.25,53.63214264770251,12.584095977134204,0.12438483027145328,2.0,1.0,0.4916119559634031,0.004864351134459159,10.777914851726042,2.0
5.0,290.0,-0.32025523568442793,-0.008183539500231518,0.0,50.57136089456121,12.55500312246727,0.12438483027145328,2.0,2.0,0.439863329019887,0.004661669837190028,8.902512543093872,2.0
5.0,300.0,0.1035133284097256,0.04237685640941535,0.25,48.799279366527756,12.51959216741173,0.12438483027145328,2.0,3.0,0.439863329019887,0.004661669837190028,8.215273478048132,2.0
6.0,0.0,1.1050544849664519,0.0,0.0,0.0,6.8008180756682854,0.03176380826336544,3.0,2.0,0.439863329019887,0.004661669837190028,48.748619540247205,0.0
6.0,10.0,1.3408106464357772,0.023575616146932533,0.74,12.274348320907617,6.867864587586702,0.03176380826336544,3.0,2.0,0.1154636077347383,0.002000974204305227,28.494661833757824,0.0
6.0,20.0,0.7608394738272359,-0.057997117260854124,0.54,23.9055005801362,6.932019424820528,0.03176380826336544,3.0,1.0,0.1154636077347383,0.002000974204305227,32.97205867076067,0.0
6.0,30.0,-0.5391069690927424,-0.12999464429199784,0.0,26.408589335441395,6.993160464990762,0.03176380826336544,1.0,1.0,0.5174862694351612,0.004053625945382633,62.93924965565513,0.0
6.0,40.0,-1.1920031537056985,-0.06528961846129562,0.0,26.408589335441395,7.051171322652408,0.03176380826336544,1.0,1.0,0.5174862694351612,0.004053625945382633,48.341066211914764,0.0
6.0,50.0,-1.060070171399964,0.013193298230573447,0.0,26.408589335441395,7.105941570840791,0.03176380826336544,1.0,2.0,0.1154636077347383,0.002000974204305227,24.49420320600469,0.0
6.0,60.0,-0.6870430883057104,0.03730270830942537,0.0,26.408589335441395,7.157366951275545,0.03176380826336544,1.0,3.0,0.4916119559634031,0.004864351134459159,11.84710757299077,0.0
6.0,70.0,-0.2613216467081365,0.04257214415975739,0.0,26.408589335441395,7.205349572822183,0.03176380826336544,2.0,3.0,0.4916119559634031,0.004864351134459159,8.408843243200938,0.0
6.0,80.0,0.17079040826408232,0.043211205497221884,0.25,26.216618478509485,7.249798097833441,0.03176380826336544,2.0,3.0,0.439863329019887,0.004661669837190028,9.93946075917476,0.0
6.0,90.0,0.49232649237051973,0.03215360841064374,0.37,29.58472502078671,7.290627916015666,0.03176380826336544,2.0,3.0,0.439863329019887,0.004661669837190028,11.741329202104987,0.0
6.0,100.0,0.32584711275636025,-0.01664793796141595,0.32,34.09842218502358,7.327761305489336,0.03176380826336544,2.0,2.0,0.1154636077347383,0.002000974204305227,5.023116808632663,0.0
6.0,110.0,-0.21102484569428626,-0.05368719584506465,0.0,34.98951203847821,7.361127580737065,0.03176380826336544,2.0,1.0,0.1154636077347383,0.002000974204305227,12.24655148983706,0.0
6.0,120.0,-0.5231461763990559,-0.031212133070476968,0.0,34.53078209200662,7.3906632271575,0.03176380826336544,1.0,1.0,0.439863329019887,0.004661669837190028,10.159100231037948,0.0
6.0,130.0,-0.31689072513676564,0.02062554512622903,0.0,34.53078209200662,7.416312021968988,0.03176380826336544,2.0,2.0,0.1154636077347383,0.002000974204305227,30.832437300908826,0.0
6.0,140.0,0.041977233364811184,0.03588679585015768,0.25,33.57667714844616,7.438025141232817,0.03176380826336544,2.0,3.0,0.1154636077347383,0.002000974204305227,57.958947728483565,0.0
6.0,150.0,0.4086303594986518,0.03666531261338406,0.35000000000000003,35.93254026720327,7.4557612527923816,0.03176380826336544,2.0,3.0,0.1154636077347383,0.002000974204305227,97.09599670656928,0.0
6.0,160.0,-1.6195515463499497,-0.20281819058486014,0.0,36.772111527583675,5.5471564278226495,0.03176380826336544,1.0,0.0,0.5174862694351612,0.004053625945382633,97.01655321628692,0.0
6.0,170.0,-1.6262114185065855,-0.0006659872156635771,0.0,36.772111527583675,5.556844873611965,0.03176380826336544,1.0,2.0,0.5174862694351612,0.004053625945382633,72.30278196228164,0.0
6.0,180.0,-1.3435378550241204,0.02826735634824651,0.0,36.772111527583675,5.562477980524495,0.03176380826336544,1.0,3.0,0.5174862694351612,0.004053625945382633,44.28310688894526,0.0
6.0,190.0,-0.9897217647176575,0.035381609030646285,0.0,36.772111527583675,5.564045025621063,0.03176380826336544,1.0,3.0,0.1154636077347383,0.002000974204305227,21.304058323304783,0.0
6.0,200.0,-0.625192639087377,0.03645291256302805,0.0,36.772111527583675,5.561543025942267,0.03176380826336544,1.0,3.0,0.439863329019887,0.004661669837190028,9.223940162072159,0.0
6.0,210.0,-0.2841913456434533,0.03410012934439237,0.0,36.772111527583675,5.554976744186696,0.03176380826336544,2.0,3.0,0.439863329019887,0.004661669837190028,3.9965074056146617,0.0
6.0,220.0,0.038681646889195065,0.03228729925326483,0.25,35.35686860602913,5.544358679644876,0.03176380826336544,2.0,3.0,0.5174862694351612,0.004053625945382633,6.4791208406442165,0.0
6.0,230.0,0.23811686248994945,0.01994352156007544,0.27,36.81983006280478,5.529709044406154,0.03176380826336544,2.0,2.0,0.1154636077347383,0.002000974204305227,4.890163669952757,0.0
6.0,240.0,0.008470962114728309,-0.022964590037522114,0.25,38.41411457990033,5.511055724883839,0.03176380826336544,2.0,2.0,0.1154636077347383,0.002000974204305227,9.49751263359324,0.0
6.0,250.0,-0.352041072694238,-0.03605120348089663,0.0,37.45440371938113,5.488434228731826,0.03176380826336544,2.0,1.0,0.1154636077347383,0.002000974204305227,10.670976502707,0.0
6.0,260.0,-0.42692170767728044,-0.007488063498304243,0.0,37.45440371938113,5.461887617253758,0.03176380826336544,1.0,2.0,0.4916119559634031,0.004864351134459159,6.823744398278425,0.0
6.0,270.0,-0.24698693390763893,0.01799347737696415,0.0,36.90938368244259,5.4314664234334025,0.03176380826336544,2.0,2.0,0.439863329019887,0.004661669837190028,3.81062775577244,0.0
6.0,280.0,0.06608129396757789,0.031306822787521685,0.25,35.90125272514786,5.397228555742217,0.03176380826336544,2.0,3.0,0.5174862694351612,0.004053625945382633,6.836389659842892,0.0
6.0,290.0,0.19846356340518057,0.013238226943760267,0.26,37.56463082069229,5.35923918790731,0.03176380826336544,2.0,2.0,0.1154636077347383,0.002000974204305227,3.032917952280338,0.0
6.0,300.0,-0.043943843390760406,-0.024240740679594096,0.25,38.75221120850945,5.317570634849524,0.03176380826336544,2.0,2.0,0.1154636077347383,0.002000974204305227,12.292895181974352,0.0
6.0,0.0,1.1309481496050324,0.0,0.0,0.0,6.8008180756682854,0.03176380826336544,3.0,2.0,0.439863329019887,0.004661669837190028,48.889158640227784,1.0
6.0,10.0,1.3785162219175504,0.024756807231251798,0.25,12.245033802763537,6.867864587586702,0.03176380826336544,3.0,2.0,0.439863329019887,0.004661669837190028,45.66795709310139,1.0
6.0,20.0,1.2419729365825347,-0.01365432853350157,0.25,25.527657253455462,6.932019424820528,0.03176380826336544,3.0,2.0,0.1154636077347383,0.002000974204305227,33.95606968868216,1.0
6.0,30.0,0.8994215480033212,-0.03425513885792135,0.25,36.50602275215628,6.993160464990762,0.03176380826336544,3.0,1.0,0.1154636077347383,0.002000974204305227,14.994977243239031,1.0
6.0,40.0,0.5653453814653773,-0.033407616653794395,0.25,44.03038309258069,7.051171322652408,0.03176380826336544,2.0,1.0,0.1154636077347383,0.002000974204305227,5.159786586037704,1.0
6.0,50.0,0.18704428718106314,-0.037830109428431416,0.0,47.93548382832097,7.105941570840791,0.03176380826336544,2.0,1.0,0.1154636077347383,0.002000974204305227,4.5448169135551115,1.0
6.0,60.0,-0.10879859088237964,-0.029584287806344277,0.0,48.319755871940494,7.157366951275545,0.03176380826336544,2.0,1.0,0.5174862694351612,0.004053625945382633,4.196939740047464,1.0
6.0,70.0,0.07462549070909574,0.01834240815914754,0.0,47.884113141881265,7.205349572822183,0.03176380826336544,2.0,2.0,0.5174862694351612,0.004053625945382633,8.036458312939168,1.0
6.0,80.0,0.3804705740223788,0.03058450833132831,0.25,49.934622914356396,7.249798097833441,0.03176380826336544,2.0,3.0,0.1154636077347383,0.002000974204305227,15.201925276918242,1.0
6.0,90.0,0.6050993858271134,0.02246288118047346,0.25,55.24222050892255,7.290627916015666,0.03176380826336544,2.0,2.0,0.1154636077347383,0.002000974204305227,10.04902279127533,1.0
6.0,100.0,0.4332389606527123,-0.017186042517440114,0.25,60.650840368393375,7.327761305489336,0.03176380826336544,2.0,2.0,0.1154636077347383,0.002000974204305227,8.038011024622634,1.0
6.0,110.0,0.16885736043912658,-0.02643816002135857,0.25,63.67387601797441,7.361127580737065,0.03176380826336544,2.0,1.0,0.1154636077347383,0.002000974204305227,7.19356258801966,1.0
6.0,120.0,-0.1759054992810789,-0.03447628597202055,0.0,63.73068330346334,7.3906632271575,0.03176380826336544,2.0,1.0,0.1154636077347383,0.002000974204305227,8.178031291259405,1.0
6.0,130.0,-0.3148874626702458,-0.013898196338916691,0.0,60.89847719627241,7.416312021968988,0.03176380826336544,2.0,2.0,0.1154636077347383,0.002000974204305227,37.118388557494654,1.0
6.0,140.0,-0.055578745311063216,0.025930871735918258,0.0,58.691672393843916,7.438025141232817,0.03176380826336544,2.0,3.0,0.1154636077347383,0.002000974204305227,65.31463166185719,1.0
6.0,150.0,0.3093615719510545,0.036494031726211774,0.25,59.74421943982519,7.4557612527923816,0.03176380826336544,2.0,3.0,0.1154636077347383,0.002000974204305227,87.13696216772928,1.0
6.0,160.0,-1.4572578003749754,-0.17666193723260298,0.0,60.39441681033552,5.5471564278226495,0.03176380826336544,1.0,0.0,0.5174862694351612,0.004053625945382633,70.86048411439774,1.0
6.0,170.0,-1.2980135053890791,0.015924429498589632,0.0,60.39441681033552,5.556844873611965,0.03176380826336544,1.0,2.0,0.5174862694351612,0.004053625945382633,45.40916068980764,1.0
6.0,180.0,-1.0002270764860839,0.029778642890299523,0.0,59.37159313636627,5.562477980524495,0.03176380826336544,1.0,3.0,0.1154636077347383,0.002000974204305227,22.622760271746774,1.0
6.0,190.0,-0.6487746925362252,0.035145238394985866,0.0,50.91767908918416,5.564045025621063,0.03176380826336544,1.0,3.0,0.439863329019887,0.004661669837190028,8.41210706689979,1.0
6.0,200.0,-0.31943744356576076,0.03293372489704645,0.0,45.992186354757074,5.561543025942267,0.03176380826336544,2.0,3.0,0.5433605829069192,0.004458988539920897,4.177416518442376,1.0
6.0,210.0,0.023153165080973537,0.03425906086467343,0.0,44.24555519215954,5.554976744186696,0.03176380826336544,2.0,3.0,0.5174862694351612,0.004053625945382633,6.992505327281025,1.0
6.0,220.0,0.31251944062521275,0.028936627554423923,0.0,45.72716645114996,5.544358679644876,0.03176380826336544,2.0,3.0,0.1154636077347383,0.002000974204305227,11.839630914839049,1.0
6.0,230.0,0.5540753586802651,0.02415559180550524,0.25,50.020023755464464,5.529709044406154,0.03176380826336544,2.0,2.0,0.1154636077347383,0.002000974204305227,10.27151138399394,1.0
6.0,240.0,0.37752114727427966,-0.017655421140598548,0.25,55.001965748187764,5.511055724883839,0.03176380826336544,2.0,2.0,0.1154636077347383,0.002000974204305227,8.775575576138717,1.0
6.0,250.0,0.005054290080586554,-0.03724668571936931,0.0,57.26695334196451,5.488434228731826,0.03176380826336544,2.0,1.0,0.1154636077347383,0.002000974204305227,9.660341913351978,1.0
6.0,260.0,-0.356732538694299,-0.03617868287748856,0.0,55.52821718171413,5.461887617253758,0.03176380826336544,2.0,1.0,0.5433605829069192,0.004458988539920897,7.360761963133793,1.0
6.0,270.0,-0.3038989435363426,0.0052833595157956385,0.0,51.91715747213533,5.4314664234334025,0.03176380826336544,2.0,2.0,0.5174862694351612,0.004053625945382633,4.0208800607168795,1.0
6.0,280.0,-0.05882833361063433,0.024507060992570828,0.0,49.84737816553948,5.397228555742217,0.03176380826336544,2.0,2.0,0.5174862694351612,0.004053625945382633,5.5819448166848,1.0
6.0,290.0,0.2213003876282258,0.028012872123886014,0.0,50.35278927137169,5.35923918790731,0.03176380826336544,2.0,3.0,0.1154636077347383,0.002000974204305227,8.701612504938788,1.0
6.0,300.0,0.4164772717513898,0.0195176884123164,0.25,53.618956999051115,5.317570634849524,0.03176380826336544,2.0,2.0,0.1154636077347383,0.002000974204305227,9.262682006036272,1.0
6.0,0.0,1.1124754282426714,0.0,0.0,0.0,6.8008180756682854,0.03176380826336544,3.0,2.0,0.439863329019887,0.004661669837190028,48.78944041185115,2.0
6.0,10.0,1.3173711157660541,0.02048956875233827,0.64,12.071083168555738,6.867864587586702,0.03176380826336544,3.0,2.0,0.1154636077347383,0.002000974204305227,26.54548246848794,2.0
6.0,20.0,0.8171859252626348,-0.050018519050341936,0.5,23.749442620005993,6.932019424820528,0.03176380826336544,3.0,1.0,0.1154636077347383,0.002000974204305227,23.233838998253713,2.0
6.0,30.0,-0.3484972613729056,-0.11656831866355404,0.0,26.778054884952006,6.993160464990762,0.03176380826336544,2.0,1.0,0.5174862694351612,0.004053625945382633,48.83443014528466,2.0
6.0,40.0,-1.0239472734578285,-0.0675450012084923,0.0,26.778054884952006,7.051171322652408,0.03176380826336544,1.0,1.0,0.5174862694351612,0.004053625945382633,38.044774857264194,2.0
6.0,50.0,-0.9353466690698689,0.00886006043879597,0.0,26.778054884952006,7.105941570840791,0.03176380826336544,1.0,2.0,0.1154636077347383,0.002000974204305227,19.16912976430215,2.0
6.0,60.0,-0.555373723552929,0.03799729455169398,0.0,26.778054884952006,7.157366951275545,0.03176380826336544,1.0,3.0,0.5433605829069192,0.004458988539920897,10.468002939835733,2.0
6.0,70.0,-0.1491267268929093,0.040624699666001976,0.0,25.815739191161285,7.205349572822183,0.03176380826336544,2.0,3.0,0.5433605829069192,0.004458988539920897,8.279040848343046,2.0
6.0,80.0,0.2776509187529115,0.042677764564582076,0.25,26.2766596272382,7.249798097833441,0.03176380826336544,2.0,3.0,0.439863329019887,0.004661669837190028,9.158234571791038,2.0
6.0,90.0,0.4191507715769127,0.014149985282400124,0.33,30.1120128754447,7.290627916015666,0.03176380826336544,2.0,2.0,0.5174862694351612,0.004053625945382633,9.930089355676934,2.0
6.0,100.0,0.13816867663478405,-0.028098209494212868,0.25,33.3762815086033,7.327761305489336,0.03176380826336544,2.0,1.0,0.1154636077347383,0.002000974204305227,5.3413606030662635,2.0
6.0,110.0,-0.25571353589953105,-0.03938822125343151,0.0,33.01969889606444,7.361127580737065,0.03176380826336544,2.0,1.0,0.1154636077347383,0.002000974204305227,10.443569075743552,2.0
6.0,120.0,-0.42843575848332094,-0.01727222225837899,0.0,32.45416142394531,7.3906632271575,0.03176380826336544,1.0,2.0,0.4916119559634031,0.004864351134459159,8.908466057073214,2.0
6.0,130.0,-0.20002082598545456,0.022841493249786637,0.0,31.400919791028233,7.416312021968988,0.03176380826336544,2.0,2.0,0.1154636077347383,0.002000974204305227,29.48204597826572,2.0
6.0,140.0,0.1944026197098374,0.0394423445695292,0.25,31.194135302016846,7.438025141232817,0.03176380826336544,2.0,3.0,0.1154636077347383,0.002000974204305227,54.4123751542523,2.0
6.0,150.0,0.38235522499186914,0.018795260528203173,0.33,34.334788391035204,7.4557612527923816,0.03176380826336544,2.0,2.0,0.1154636077347383,0.002000974204305227,109.21234443222758,2.0
6.0,160.0,-1.7750763035124812,-0.21574315285043505,0.0,35.100048791460395,5.5471564278226495,0.03176380826336544,1.0,0.0,0.5174862694351612,0.004053625945382633,109.8170077683339,2.0
6.0,170.0,-1.7732064252576691,0.00018698782548121073,0.0,35.100048791460395,5.556844873611965,0.03176380826336544,1.0,2.0,0.5174862694351612,0.004053625945382633,84.59267409656039,2.0
6.0,180.0,-1.4675442195954957,0.03056622056621734,0.0,35.100048791460395,5.562477980524495,0.03176380826336544,1.0,3.0,0.5174862694351612,0.004053625945382633,54.80570461687188,2.0
6.0,190.0,-1.1240971079913749,0.034344711160412086,0.0,35.100048791460395,5.564045025621063,0.03176380826336544,1.0,3.0,0.5174862694351612,0.004053625945382633,29.153889209012615,2.0
6.0,200.0,-0.7501388686775954,0.03739582393137795,0.0,35.100048791460395,5.561543025942267,0.03176380826336544,1.0,3.0,0.439863329019887,0.004661669837190028,12.534925344829684,2.0
6.0,210.0,-0.3987265191575844,0.035141234952001096,0.0,35.100048791460395,5.554976744186696,0.03176380826336544,1.0,3.0,0.4916119559634031,0.004864351134459159,5.868188848752383,2.0
6.0,220.0,-0.07363004269878459,0.03250964764587998,0.0,33.30248244820989,5.544358679644876,0.03176380826336544,2.0,3.0,0.439863329019887,0.004661669837190028,4.7490579828780035,2.0
6.0,230.0,0.18390868922966774,0.025753873192845233,0.25,33.6966068289868,5.529709044406154,0.03176380826336544,2.0,3.0,0.1154636077347383,0.002000974204305227,7.624125036601278,2.0
6.0,240.0,0.10871819450177611,-0.007519049472789164,0.25,35.64456990043179,5.511055724883839,0.03176380826336544,2.0,2.0,0.1154636077347383,0.002000974204305227,5.313424701796931,2.0
6.0,250.0,-0.2557973137433258,-0.036451550824510195,0.0,35.243408787672614,5.488434228731826,0.03176380826336544,2.0,1.0,0.5174862694351612,0.004053625945382633,15.77416806679998,2.0
6.0,260.0,-0.5371745839850561,-0.028137727024173033,0.0,34.34838133710147,5.461887617253758,0.03176380826336544,1.0,1.0,0.1154636077347383,0.002000974204305227,10.933027133060525,2.0
6.0,270.0,-0.42296544838352546,0.011420913560153068,0.0,34.34838133710147,5.4314664234334025,0.03176380826336544,1.0,2.0,0.439863329019887,0.004661669837190028,6.54116847022574,2.0
6.0,280.0,-0.1468433222184622,0.027612212616506326,0.0,32.495432613081974,5.397228555742217,0.03176380826336544,2.0,3.0,0.439863329019887,0.004661669837190028,3.964114929008175,2.0
6.0,290.0,0.126588277794081,0.027343160001254318,0.25,32.200375022508965,5.35923918790731,0.03176380826336544,2.0,3.0,0.5174862694351612,0.004053625945382633,7.930811944859626,2.0
6.0,300.0,0.15764278755830574,0.0031054509764224746,0.25,34.011713990374815,5.317570634849524,0.03176380826336544,2.0,2.0,0.1154636077347383,0.002000974204305227,3.322708385909453,2.0
7.0,0.0,-3.406039922932706,0.0,0.0,0.0,5.634446670427039,0.07974138698727738,0.0,2.0,0.5174862694351612,0.004053625945382633,218.08648735399618,0.0
7.0,10.0,-3.0924475002160463,0.03135924227166598,0.0,0.0,5.637413973284978,0.07974138698727738,0.0,3.0,0.5174862694351612,0.004053625945382633,187.12482633222356,0.0
7.0,20.0,-2.6778012931379642,0.04146462070780821,0.0,0.0,5.640223159612351,0.07974138698727738,0.0,3.0,0.5174862694351612,0.004053625945382633,157.7256358987716,0.0
7.0,30.0,-2.3129359140100725,0.03648653791278918,0.0,0.0,5.6428688819633095,0.07974138698727738,0.0,3.0,0.5174862694351612,0.004053625945382633,130.55681494007115,0.0
7.0,40.0,-1.9822709836581467,0.03306649303519258,0.0,0.0,5.64534610405499,0.07974138698727738,0.0,3.0,0.5174862694351612,0.004053625945382633,105.38337203841539,0.0
7.0,50.0,-1.7014313202489362,0.02808396634092105,0.0,0.0,5.647650110354345,0.07974138698727738,1.0,3.0,0.5174862694351612,0.004053625945382633,82.15338381428273,0.0
7.0,60.0,-1.394384680643256,0.030704663960568014,0.0,0.0,5.649776515054434,0.07974138698727738,1.0,3.0,0.5174862694351612,0.004053625945382633,60.32137831674855,0.0
7.0,70.0,-1.1243525257112985,0.027003215493195752,0.0,0.0,5.651721270423053,0.07974138698727738,1.0,3.0,0.5174862694351612,0.004053625945382633,40.378882685432714,0.0
7.0,80.0,-0.877040025346389,0.02473125003649095,0.0,0.0,5.653480674507822,0.07974138698727738,1.0,2.0,0.5174862694351612,0.004053625945382633,24.408288174200518,0.0
7.0,90.0,-0.6054812932271005,0.02715587321192885,0.0,0.0,5.655051378183067,0.07974138698727738,1.0,3.0,0.5174862694351612,0.004053625945382633,12.41469850486825,0.0
7.0,100.0,-0.43353391894520144,0.01719473742818991,0.0,0.0,5.656430391525074,0.07974138698727738,1.0,2.0,0.5174862694351612,0.004053625945382633,6.362171313155761,0.0
7.0,110.0,-0.23640775249957713,0.01971261664456243,0.0,0.0,5.657615089503569,0.07974138698727738,2.0,2.0,0.439863329019887,0.004661669837190028,5.04108419944033,0.0
7.0,120.0,-0.04958631291878035,0.018682143958079676,0.0,0.0,5.658603216978609,0.07974138698727738,2.0,2.0,0.5133976288904347,0.01318281566107146,7.273373796290584,0.0
7.0,130.0,0.12239367546181512,0.017197998838059548,0.0,0.4300411894569365,5.659392892993392,0.07974138698727738,2.0,2.0,0.5133976288904347,0.01318281566107146,9.199638478905394,0.0
7.0,140.0,0.3013369268223016,0.01789432513604865,0.25,2.3744449967953933,5.659982614354735,0.07974138698727738,2.0,2.0,0.5133976288904347,0.01318281566107146,9.447254961871645,0.0
7.0,150.0,0.41969869789375736,0.011836177107145573,0.25,5.960565864934743,5.660371258494514,0.07974138698727738,2.0,2.0,0.5174862694351612,0.004053625945382633,6.424541363795588,0.0
7.0,160.0,0.3326111193406298,-0.008708757855312754,0.25,9.69557335316923,5.660558085606517,0.07974138698727738,2.0,2.0,0.5174862694351612,0.004053625945382633,3.0874064309566553,0.0
7.0,170.0,0.12082466419425586,-0.021178645514637395,0.0,11.981755288266314,5.660542740054716,0.07974138698727738,2.0,2.0,0.439863329019887,0.004661669837190028,2.752094229969077,0.0
7.0,180.0,-0.017125118568898756,-0.013794978276315461,0.0,12.490253041284404,5.660325251050246,0.07974138698727738,2.0,2.0,0.5133976288904347,0.01318281566107146,2.1427765727410275,0.0
7.0,190.0,0.05994393888736482,0.0077069057456263575,0.0,12.311794701301302,5.659906032595785,0.07974138698727738,2.0,2.0,0.5133976288904347,0.01318281566107146,4.535851671721874,0.0
7.0,200.0,0.21672003567370624,0.01567760967863414,0.25,13.62810005766488,5.659285882697489,0.07974138698727738,2.0,2.0,0.5174862694351612,0.004053625945382633,6.7134582165920405,0.0
7.0,210.0,0.32404572860910363,0.01073256929353974,0.25,16.423423600094807,5.658465981845936,0.07974138698727738,2.0,2.0,0.5174862694351612,0.004053625945382633,4.53824927973886,0.0
7.0,220.0,0.16439217679921825,-0.015965355180988537,0.25,19.104220508887874,5.657447890768999,0.07974138698727738,2.0,2.0,0.5174862694351612,0.004053625945382633,2.296272834327198,0.0
7.0,230.0,0.029336555690147037,-0.01350556211090712,0.0,20.14387500756781,5.656233547460904,0.07974138698727738,2.0,2.0,0.4916119559634031,0.004864351134459159,3.2435377122175346,0.0
7.0,240.0,-0.08530345631319491,-0.011464001200334195,0.0,19.70459707225576,5.654825263493159,0.07974138698727738,2.0,2.0,0.5133976288904347,0.01318281566107146,2.6324740545076732,0.0
7.0,250.0,0.060661516943689264,0.014596497325688417,0.0,19.535230179170902,5.653225719614333,0.07974138698727738,2.0,2.0,0.4916119559634031,0.004864351134459159,5.090232800029254,0.0
7.0,260.0,0.2522258877834602,0.019156437083977094,0.25,20.8966007362615,5.651437960647122,0.07974138698727738,2.0,2.0,0.5174862694351612,0.004053625945382633,4.6465926029833176,0.0
7.0,270.0,0.21262860613841283,-0.003959728164504739,0.25,23.459855643076963,5.64946538969232,0.07974138698727738,2.0,2.0,0.5174862694351612,0.004053625945382633,3.169773515110142,0.0
7.0,280.0,0.05257541804870769,-0.016005318808970513,0.25,24.980375443269633,5.647311761650858,0.07974138698727738,2.0,2.0,0.5174862694351612,0.004053625945382633,2.6117084926943117,0.0
7.0,290.0,-0.11120330921356825,-0.016377872726227594,0.0,24.75601504884889,5.644981176076119,0.07974138698727738,2.0,2.0,0.439863329019887,0.004661669837190028,4.348968322957333,0.0
7.0,300.0,-0.07273691881337996,0.0038466390400188288,0.0,23.61989659242439,5.642478069370199,0.07974138698727738,2.0,2.0,0.5133976288904347,0.01318281566107146,4.04578036801143,0.0
7.0,0.0,-3.3829348233233496,0.0,0.0,0.0,5.634446670427039,0.07974138698727738,0.0,2.0,0.5174862694351612,0.004053625945382633,217.9594097278782,1.0
7.0,10.0,-3.073070098805225,0.030986472451812474,0.0,0.0,5.637413973284978,0.07974138698727738,0.0,3.0,0.5174862694351612,0.004053625945382633,187.01825097815646,1.0
7.0,20.0,-2.6992257549123195,0.03738443438929053,0.0,0.0,5.640223159612351,0.07974138698727738,0.0,3.0,0.5174862694351612,0.004053625945382633,157.84347004747337,1.0
7.0,30.0,-2.3218183241668022,0.03774074307455173,0.0,0.0,5.6428688819633095,0.07974138698727738,0.0,3.0,0.5174862694351612,0.004053625945382633,130.60566803380394,1.0
7.0,40.0,-1.997971837136383,0.03238464870304192,0.0,0.0,5.64534610405499,0.07974138698727738,0.0,3.0,0.5174862694351612,0.004053625945382633,105.46972644596067,1.0
7.0,50.0,-1.6632639818530386,0.03347078552833445,0.0,0.0,5.647650110354345,0.07974138698727738,1.0,3.0,0.5174862694351612,0.004053625945382633,81.9434641497673,1.0
7.0,60.0,-1.386619837760609,0.027664414409242964,0.0,0.0,5.649776515054434,0.07974138698727738,1.0,3.0,0.5174862694351612,0.004053625945382633,60.27867182262439,1.0
7.0,70.0,-1.1128993716434756,0.02737204661171333,0.0,0.0,5.651721270423053,0.07974138698727738,1.0,3.0,0.5174862694351612,0.004053625945382633,40.315891275062874,1.0
7.0,80.0,-0.8628459742249959,0.025005339741847977,0.0,0.0,5.653480674507822,0.07974138698727738,1.0,3.0,0.5174862694351612,0.004053625945382633,24.33028575876866,1.0
7.0,90.0,-0.6500938933501672,0.021275208087482865,0.0,0.0,5.655051378183067,0.07974138698727738,1.0,2.0,0.5174862694351612,0.004053625945382633,12.648317868607059,1.0
7.0,100.0,-0.43963571726655104,0.021045817608361616,0.0,0.0,5.656430391525074,0.07974138698727738,1.0,2.0,0.5174862694351612,0.004053625945382633,6.37742213898786,1.0
7.0,110.0,-0.21589025479373447,0.022374546247281656,0.0,0.0,5.657615089503569,0.07974138698727738,2.0,2.0,0.439863329019887,0.004661669837190028,4.990502064776273,1.0
7.0,120.0,-0.01982463615856389,0.019606561863517058,0.0,0.0,5.658603216978609,0.07974138698727738,2.0,2.0,0.5133976288904347,0.01318281566107146,7.270446249561608,1.0
7.0,130.0,0.12894102359507187,0.014876565975363576,0.0,0.47667410867266824,5.659392892993392,0.07974138698727738,2.0,2.0,0.5133976288904347,0.01318281566107146,9.210029573779765,1.0
7.0,140.0,0.27986561355253414,0.015092458995746228,0.25,2.5756336811144394,5.659982614354735,0.07974138698727738,2.0,2.0,0.5133976288904347,0.01318281566107146,6.940913064138348,1.0
7.0,150.0,0.3482366269094719,0.006837101335693774,0.26,5.914492984393803,5.660371258494514,0.07974138698727738,2.0,2.0,0.5174862694351612,0.004053625945382633,3.731459431156727,1.0
7.0,160.0,0.1840717850025193,-0.016416484190695257,0.25,8.618055086233642,5.660558085606517,0.07974138698727738,2.0,2.0,0.5433605829069192,0.004458988539920897,2.441431448303167,1.0
7.0,170.0,0.010794288256246176,-0.017327749674627312,0.25,9.644534051133046,5.660542740054716,0.07974138698727738,2.0,2.0,0.5174862694351612,0.004053625945382633,3.401384036549818,1.0
7.0,180.0,-0.17552685078328167,-0.018632113903952786,0.0,8.934724239996541,5.660325251050246,0.07974138698727738,2.0,2.0,0.439863329019887,0.004661669837190028,4.649229833207856,1.0
7.0,190.0,-0.14671324643202155,0.0028813604351260124,0.0,7.190417673010511,5.659906032595785,0.07974138698727738,2.0,2.0,0.5133976288904347,0.01318281566107146,5.059630082869171,1.0
7.0,200.0,0.032114456209992426,0.017882770264201396,0.0,6.483464236115783,5.659285882697489,0.07974138698727738,2.0,2.0,0.5133976288904347,0.01318281566107146,5.6003763343644515,1.0
7.0,210.0,0.2076102867102705,0.017549583050027805,0.25,7.569165851681738,5.658465981845936,0.07974138698727738,2.0,2.0,0.439863329019887,0.004661669837190028,4.32787960498962,1.0
7.0,220.0,0.2271420737720149,0.001953178706174441,0.25,9.988372650849222,5.657447890768999,0.07974138698727738,2.0,2.0,0.4916119559634031,0.004864351134459159,2.4890715522241327,1.0
7.0,230.0,0.0929643249225478,-0.01341777488494671,0.25,11.730093440370588,5.656233547460904,0.07974138698727738,2.0,2.0,0.5174862694351612,0.004053625945382633,2.4624010722888943,1.0
7.0,240.0,-0.0842342504544682,-0.0177198575377016,0.0,11.80109990866568,5.654825263493159,0.07974138698727738,2.0,2.0,0.5174862694351612,0.004053625945382633,4.9697365198657675,1.0
7.0,250.0,-0.2142154273511956,-0.012998117689672739,0.0,10.279146054417001,5.653225719614333,0.07974138698727738,2.0,2.0,0.5133976288904347,0.01318281566107146,4.944084594944869,1.0
7.0,260.0,-0.12770326607505922,0.008651216127613636,0.0,8.347521169438728,5.651437960647122,0.07974138698727738,2.0,2.0,0.5133976288904347,0.01318281566107146,4.709793551759395,1.0
7.0,270.0,0.06868296535116514,0.019638623142622436,0.25,7.974227641293748,5.64946538969232,0.07974138698727738,2.0,2.0,0.5133976288904347,0.01318281566107146,4.541012611170919,1.0
7.0,280.0,0.2350134370537198,0.016633047170255467,0.25,9.557659240110606,5.647311761650858,0.07974138698727738,2.0,2.0,0.5174862694351612,0.004053625945382633,3.1451643657577883,1.0
7.0,290.0,0.1658052386667741,-0.0069208198386945695,0.25,11.658177917581813,5.644981176076119,0.07974138698727738,2.0,2.0,0.4916119559634031,0.004864351134459159,2.449384546320713,1.0
7.0,300.0,-0.017153630923722574,-0.018295886959049667,0.25,12.434423429292401,5.642478069370199,0.07974138698727738,2.0,2.0,0.5174862694351612,0.004053625945382633,3.4783863611983663,1.0
7.0,0.0,-3.3988370259979135,0.0,0.0,0.0,5.634446670427039,0.07974138698727738,0.0,2.0,0.5174862694351612,0.004053625945382633,218.046871552328,2.0
7.0,10.0,-3.0542588256020693,0.03445782003958442,0.0,0.0,5.637413973284978,0.07974138698727738,0.0,3.0,0.5174862694351612,0.004053625945382633,186.91478931889822,2.0
7.0,20.0,-2.6666607198030228,0.03875981057990465,0.0,0.0,5.640223159612351,0.07974138698727738,0.0,3.0,0.5174862694351612,0.004053625945382633,157.66436294877636,2.0
7.0,30.0,-2.3366463095415533,0.03300144102614695,0.0,0.0,5.6428688819633095,0.07974138698727738,0.0,3.0,0.5174862694351612,0.004053625945382633,130.6872216827124,2.0
7.0,40.0,-1.9999200276913598,0.03367262818501935,0.0,0.0,5.64534610405499,0.07974138698727738,0.0,3.0,0.5174862694351612,0.004053625945382633,105.48044145845307,2.0
7.0,50.0,-1.6590076130115108,0.0340912414679849,0.0,0.0,5.647650110354345,0.07974138698727738,1.0,3.0,0.5174862694351612,0.004053625945382633,81.92005419882966,2.0
7.0,60.0,-1.377638710478962,0.028136890253254877,0.0,0.0,5.649776515054434,0.07974138698727738,1.0,3.0,0.5174862694351612,0.004053625945382633,60.2292757865063,2.0
7.0,70.0,-1.1463262564318413,0.023131245404712075,0.0,0.0,5.651721270423053,0.07974138698727738,1.0,2.0,0.5174862694351612,0.004053625945382633,40.49973640668524,2.0
7.0,80.0,-0.8871616609542343,0.025916459547760694,0.0,0.0,5.653480674507822,0.07974138698727738,1.0,3.0,0.5174862694351612,0.004053625945382633,24.463910914937475,2.0
7.0,90.0,-0.6187238865778113,0.026843777437642304,0.0,0.0,5.655051378183067,0.07974138698727738,1.0,3.0,0.5174862694351612,0.004053625945382633,12.4840449725547,2.0
7.0,100.0,-0.43613505405062014,0.018258883252719117,0.0,0.0,5.656430391525074,0.07974138698727738,1.0,2.0,0.5174862694351612,0.004053625945382633,6.368672586447578,2.0
7.0,110.0,-0.2166388172908924,0.021949623675972772,0.0,0.0,5.657615089503569,0.07974138698727738,2.0,2.0,0.439863329019887,0.004661669837190028,4.992347508581281,2.0
7.0,120.0,-0.028734334512790838,0.018790448277810158,0.0,0.0,5.658603216978609,0.07974138698727738,2.0,2.0,0.5133976288904347,0.01318281566107146,7.265991400384468,2.0
7.0,130.0,0.13817694729301877,0.01669112818058096,0.0,0.47186455108912284,5.659392892993392,0.07974138698727738,2.0,2.0,0.5133976288904347,0.01318281566107146,9.228501421175649,2.0
7.0,140.0,0.2804920816104044,0.014231513431738563,0.25,2.605903909859837,5.659982614354735,0.07974138698727738,2.0,2.0,0.5133976288904347,0.01318281566107146,9.976269674290492,2.0
7.0,150.0,0.4253951364439743,0.014490305483356992,0.25,6.301340474726114,5.660371258494514,0.07974138698727738,2.0,2.0,0.5433605829069192,0.004458988539920897,7.020317390704553,2.0
7.0,160.0,0.32999934652148255,-0.009539578992249175,0.25,10.291131532762627,5.660558085606517,0.07974138698727738,2.0,2.0,0.439863329019887,0.004661669837190028,3.435548275376944,2.0
7.0,170.0,0.1778827187411096,-0.015211662778037293,0.25,12.923782858427838,5.660542740054716,0.07974138698727738,2.0,2.0,0.4916119559634031,0.004864351134459159,2.212065249729899,2.0
7.0,180.0,-0.026748163431260963,-0.02046308821723706,0.0,13.67093207714683,5.660325251050246,0.07974138698727738,2.0,2.0,0.5133976288904347,0.01318281566107146,2.467035811091854,2.0
7.0,190.0,0.03851830373094245,0.006526646716220341,0.0,13.44130354491245,5.659906032595785,0.07974138698727738,2.0,2.0,0.5133976288904347,0.01318281566107146,3.7913469641669155,2.0
7.0,200.0,0.19028235866658605,0.01517640549356436,0.25,14.552535101788827,5.659285882697489,0.07974138698727738,2.0,2.0,0.5174862694351612,0.004053625945382633,5.7192769226554745,2.0
7.0,210.0,0.2745342656774419,0.008425190701085583,0.25,17.042884524083277,5.658465981845936,0.07974138698727738,2.0,2.0,0.5174862694351612,0.004053625945382633,4.012382872001073,2.0
7.0,220.0,0.15455529491134357,-0.011997897076609832,0.25,19.423975111221555,5.657447890768999,0.07974138698727738,2.0,2.0,0.5174862694351612,0.004053625945382633,2.1910013853677204,2.0
7.0,230.0,-0.014714667127844194,-0.016926996203918777,0.0,20.345266729515906,5.656233547460904,0.07974138698727738,2.0,2.0,0.5174862694351612,0.004053625945382633,3.3352115731800853,2.0
7.0,240.0,-0.14236380234704882,-0.012764913521920463,0.0,19.556051816646047,5.654825263493159,0.07974138698727738,2.0,2.0,0.5133976288904347,0.01318281566107146,2.9169371396675823,2.0
7.0,250.0,0.0025275728614850834,0.01448913752085339,0.0,18.815055472610936,5.653225719614333,0.07974138698727738,2.0,2.0,0.5133976288904347,0.01318281566107146,4.2454426712956295,2.0
7.0,260.0,0.1863392542411617,0.01838116813796766,0.25,19.683852300943403,5.651437960647122,0.07974138698727738,2.0,2.0,0.5174862694351612,0.004053625945382633,5.3324173290201635,2.0
7.0,270.0,0.2577517678190482,0.007141251357788647,0.25,22.203524159768012,5.64946538969232,0.07974138698727738,2.0,2.0,0.5174862694351612,0.004053625945382633,4.011185825585944,2.0
7.0,280.0,0.14513293868365196,-0.011261882913539623,0.25,24.381086137382685,5.647311761650858,0.07974138698727738,2.0,2.0,0.5174862694351612,0.004053625945382633,2.4496792583455282,2.0
7.0,290.0,-0.03578321665869666,-0.018091615534234863,0.0,25.03784400320275,5.644981176076119,0.07974138698727738,2.0,2.0,0.5174862694351612,0.004053625945382633,3.6086020839901427,2.0
7.0,300.0,-0.129946753198805,-0.009416353654010834,0.0,24.226111047230642,5.642478069370199,0.07974138698727738,2.0,2.0,0.5133976288904347,0.01318281566107146,4.311706820740711,2.0
8.0,0.0,0.7476556890343034,0.0,0.0,0.0,12.851770640761519,0.2100863060475729,2.0,2.0,0.5433605829069192,0.004458988539920897,76.92296549927491,0.0
8.0,10.0,1.254627952043009,0.05069722630087057,0.67,9.471497534402353,12.895360742735402,0.2100863060475729,3.0,3.0,0.5433605829069192,0.004458988539920897,76.08310654084082,0.0
8.0,20.0,1.5774553962412625,0.03228274441982535,0.9,23.64922095213,12.939724314450967,0.2100863060475729,3.0,3.0,0.5433605829069192,0.004458988539920897,52.53677004533557,0.0
8.0,30.0,1.3718257860188032,-0.02056296102224593,0.88,38.67614774361826,12.984776907327987,0.2100863060475729,3.0,2.0,0.5433605829069192,0.004458988539920897,25.120316159827816,0.0
8.0,40.0,0.814360354889665,-0.05574654311291383,0.65,49.62127974920021,13.030432761195296,0.2100863060475729,3.0,1.0,0.4916119559634031,0.004864351134459159,7.1427930041850365,0.0
8.0,50.0,0.2201155997991684,-0.059424475509049654,0.37,54.836600616328525,13.076604967540153,0.2100863060475729,2.0,1.0,0.4916119559634031,0.004864351134459159,4.423111723619617,0.0
8.0,60.0,0.02161385423961093,-0.019850174555955745,0.25,56.09671371507399,13.123205634943528,0.2100863060475729,2.0,2.0,0.4916119559634031,0.004864351134459159,9.168715081049607,0.0
8.0,70.0,0.14556443598187485,0.012395058174226392,0.28,56.788912737893384,13.170146056386404,0.2100863060475729,2.0,2.0,0.4916119559634031,0.004864351134459159,16.852873978534674,0.0
8.0,80.0,0.43486732955671314,0.02893028935748383,0.45,59.327893831206026,13.217336878108643,0.2100863060475729,2.0,3.0,0.5433605829069192,0.004458988539920897,21.226744586567943,0.0
8.0,90.0,0.5832516997022346,0.014838437014552142,0.5700000000000001,64.21047103222162,13.264688269698954,0.2100863060475729,2.0,2.0,0.5433605829069192,0.004458988539920897,20.348508642758688,0.0
8.0,100.0,0.6592644641579106,0.007601276445567606,0.62,70.4128577201273,13.312110095092162,0.2100863060475729,2.0,2.0,0.4916119559634031,0.004864351134459159,14.659049680229614,0.0
8.0,110.0,0.5232226731398093,-0.013604179101810132,0.58,76.49950083444607,13.359512084148353,0.2100863060475729,2.0,2.0,0.4916119559634031,0.004864351134459159,8.29103855228339,0.0
8.0,120.0,0.36303479376844194,-0.016018787937136736,0.54,81.28645809934855,13.406804004487203,0.2100863060475729,2.0,2.0,0.4916119559634031,0.004864351134459159,30.006816973649695,0.0
8.0,130.0,0.2096333485131865,-0.015340144525525545,0.46,84.310247109395,13.453895833250446,0.2100863060475729,2.0,2.0,0.4916119559634031,0.004864351134459159,66.32159163457221,0.0
8.0,140.0,0.1573899853648868,-0.005224336314829969,0.45,86.0744201667455,13.500697928465517,0.2100863060475729,2.0,2.0,0.4916119559634031,0.004864351134459159,101.57098940261838,0.0
8.0,150.0,1.8175130510044362,0.16601230656395494,0.67,86.65598921255106,15.268357713940532,0.2100863060475729,3.0,3.0,0.5433605829069192,0.004458988539920897,105.03993933818728,0.0
8.0,160.0,1.8953615871525251,0.007784853614808895,1.0,86.65598921255106,15.31431379182736,0.2100863060475729,3.0,2.0,0.5174862694351612,0.004053625945382633,74.65666312681398,0.0
8.0,170.0,1.632922389187872,-0.026243919796465322,1.0,86.65598921255106,15.359715196376186,0.2100863060475729,3.0,1.0,0.5174862694351612,0.004053625945382633,37.97693932637042,0.0
8.0,180.0,1.0360992356175487,-0.05968231535703232,0.9400000000000001,90.19181759349823,15.404475503433012,0.2100863060475729,3.0,1.0,0.3796603654866557,0.0030185485586237465,12.542409080022034,0.0
8.0,190.0,0.4438925387301538,-0.05922066968873949,0.66,97.71569792250935,15.448509509209345,0.2100863060475729,2.0,1.0,0.3796603654866557,0.0030185485586237465,5.033068743255736,0.0
8.0,200.0,-0.08015668765258255,-0.052404922638273635,0.37,99.47828362867358,15.491733392472462,0.2100863060475729,2.0,1.0,0.4916119559634031,0.004864351134459159,5.443259546508942,0.0
8.0,210.0,-0.23675317845856014,-0.01565964908059776,0.27,97.98728825833138,15.534064874103876,0.2100863060475729,2.0,2.0,0.4916119559634031,0.004864351134459159,7.222843152593279,0.0
8.0,220.0,-0.037476619902513164,0.019927655855604697,0.34,96.31287242533116,15.575423373722344,0.2100863060475729,2.0,2.0,0.4916119559634031,0.004864351134459159,11.343144869140888,0.0
8.0,230.0,0.2404935528862424,0.02779701727887556,0.52,97.3356445554525,15.61573016307318,0.2100863060475729,2.0,3.0,0.4916119559634031,0.004864351134459159,15.173970011755795,0.0
8.0,240.0,0.5498315937934599,0.030933804090721752,0.7000000000000001,101.40918730733993,15.654908515891968,0.2100863060475729,2.0,3.0,0.4916119559634031,0.004864351134459159,13.68766920424019,0.0
8.0,250.0,0.5742859219102989,0.0024454328116839006,0.73,107.00012127333274,15.692883853957362,0.2100863060475729,2.0,2.0,0.439863329019887,0.004661669837190028,8.676454822591287,0.0
8.0,260.0,0.37602850761694384,-0.01982574142933551,0.65,111.83760786310047,15.729583889054979,0.2100863060475729,2.0,2.0,0.5174862694351612,0.004053625945382633,3.9184472707677984,0.0
8.0,270.0,0.18096475083103414,-0.01950637567859097,0.56,114.72819238357715,15.764938760582119,0.2100863060475729,2.0,2.0,0.5174862694351612,0.004053625945382633,1.5710161441682728,0.0
8.0,280.0,-0.025828306740773854,-0.0206793057571808,0.48,115.77078279884088,15.79888116853138,0.2100863060475729,2.0,2.0,0.4916119559634031,0.004864351134459159,0.6101518319065717,0.0
8.0,290.0,-0.008006277680518536,0.0017822029060255318,0.47000000000000003,115.54546890550706,15.831346501600088,0.2100863060475729,2.0,2.0,0.4916119559634031,0.004864351134459159,2.894698193943227,0.0
8.0,300.0,0.07721813669232702,0.008522441437284556,0.51,115.8307132599825,15.86227296018152,0.2100863060475729,2.0,2.0,0.4916119559634031,0.004864351134459159,4.878155191645662,0.0
8.0,0.0,0.7448884073596673,0.0,0.0,0.0,12.851770640761519,0.2100863060475729,2.0,2.0,0.5433605829069192,0.004458988539920897,76.90912913419666,1.0
8.0,10.0,1.21737673587743,0.04724883285177626,0.48,9.23551634776732,12.895360742735402,0.2100863060475729,3.0,3.0,0.5433605829069192,0.004458988539920897,86.99959878945795,1.0
8.0,20.0,1.598063813327098,0.038068707744966804,0.67,23.63571448415541,12.939724314450967,0.2100863060475729,3.0,3.0,0.5433605829069192,0.004458988539920897,76.00985887407388,1.0
8.0,30.0,1.544220354956476,-0.005384345837062199,0.7000000000000001,39.76484496870509,12.984776907327987,0.2100863060475729,3.0,2.0,0.5433605829069192,0.004458988539920897,54.6043150313507,1.0
8.0,40.0,1.3138195304448175,-0.023040082451165844,0.66,54.034040169787254,13.030432761195296,0.2100863060475729,3.0,2.0,0.5433605829069192,0.004458988539920897,34.67080388979403,1.0
8.0,50.0,0.913707623564715,-0.04001119068801025,0.55,65.22410635861249,13.076604967540153,0.2100863060475729,3.0,1.0,0.5433605829069192,0.004458988539920897,20.999707589352095,1.0
8.0,60.0,0.6377956534810636,-0.027591197008365143,0.47000000000000003,73.00934378892404,13.123205634943528,0.2100863060475729,2.0,1.0,0.4916119559634031,0.004864351134459159,14.646851124008567,1.0
8.0,70.0,0.5163497533839667,-0.012144590009709688,0.43,78.8192518203276,13.170146056386404,0.2100863060475729,2.0,2.0,0.4916119559634031,0.004864351134459159,13.405378540009924,1.0
8.0,80.0,0.5144314033544148,-0.0001918350029551874,0.43,83.6780316188901,13.217336878108643,0.2100863060475729,2.0,2.0,0.4916119559634031,0.004864351134459159,14.240117794078657,1.0
8.0,90.0,0.46235833576452023,-0.005207306758989461,0.46,88.53743622236796,13.264688269698954,0.2100863060475729,2.0,2.0,0.4916119559634031,0.004864351134459159,14.926794527380949,1.0
8.0,100.0,0.524337229788447,0.006197889402392675,0.49,93.62512494697722,13.312110095092162,0.2100863060475729,2.0,2.0,0.4916119559634031,0.004864351134459159,14.995117283964202,1.0
8.0,110.0,0.560977437808102,0.003664020801965506,0.5,99.1143926440432,13.359512084148353,0.2100863060475729,2.0,2.0,0.4916119559634031,0.004864351134459159,13.539225421012617,1.0
8.0,120.0,0.5827771517961509,0.0021799713988048808,0.54,104.93527577452625,13.406804004487203,0.2100863060475729,2.0,2.0,0.4916119559634031,0.004864351134459159,35.54092001555051,1.0
8.0,130.0,0.45703143012065084,-0.012574572167550003,0.51,110.1041085785298,13.453895833250446,0.2100863060475729,2.0,2.0,0.4916119559634031,0.004864351134459159,71.86132015863672,1.0
8.0,140.0,0.4150021266420829,-0.0042029303478567925,0.5,114.55959761549451,13.500697928465517,0.2100863060475729,2.0,2.0,0.4916119559634031,0.004864351134459159,106.25701865430996,1.0
8.0,150.0,2.0844399693025792,0.16694378426604964,0.75,116.5431859983039,15.268357713940532,0.2100863060475729,3.0,3.0,0.5174862694351612,0.004053625945382633,109.01860229376003,1.0
8.0,160.0,1.9929166577727102,-0.009152331152986904,1.0,116.5431859983039,15.31431379182736,0.2100863060475729,3.0,2.0,0.439863329019887,0.004661669837190028,73.97499751313396,1.0
8.0,170.0,1.6049902207990918,-0.03879264369736184,1.0,118.23292220505904,15.359715196376186,0.2100863060475729,3.0,1.0,0.5174862694351612,0.004053625945382633,36.67436643310309,1.0
8.0,180.0,1.0042766423739806,-0.06007135784251112,0.8,131.72271460909693,15.404475503433012,0.2100863060475729,3.0,1.0,0.3796603654866557,0.0030185485586237465,12.332108774716371,1.0
8.0,190.0,0.43608676060173224,-0.05681898817722484,0.61,139.11197425787734,15.448509509209345,0.2100863060475729,2.0,1.0,0.3796603654866557,0.0030185485586237465,3.0058018058023968,1.0
8.0,200.0,0.09159408353628962,-0.03444926770654426,0.47000000000000003,141.55715137720026,15.491733392472462,0.2100863060475729,2.0,1.0,0.5174862694351612,0.004053625945382633,1.091761914262177,1.0
8.0,210.0,-0.09397493992123884,-0.018556902345752847,0.4,141.5507926148402,15.534064874103876,0.2100863060475729,2.0,2.0,0.4916119559634031,0.004864351134459159,2.635474688377695,1.0
8.0,220.0,0.0676939822471212,0.016166892216836003,0.45,141.47618564882438,15.575423373722344,0.2100863060475729,2.0,2.0,0.4916119559634031,0.004864351134459159,5.994530656568856,1.0
8.0,230.0,0.23568951666640814,0.016799553441928693,0.51,142.87149559081755,15.61573016307318,0.2100863060475729,2.0,2.0,0.4916119559634031,0.004864351134459159,8.599527842918414,1.0
8.0,240.0,0.35889366273598355,0.012320414606957542,0.5700000000000001,145.69155767113423,15.654908515891968,0.2100863060475729,2.0,2.0,0.5174862694351612,0.004053625945382633,9.374908455354188,1.0
8.0,250.0,0.45252909617268955,0.0093635433436706,0.63,149.64961378453393,15.692883853957362,0.2100863060475729,2.0,2.0,0.5174862694351612,0.004053625945382633,8.629570638031621,1.0
8.0,260.0,0.40525835480420724,-0.00472707413684823,0.62,153.8707445154596,15.729583889054979,0.2100863060475729,2.0,2.0,0.5174862694351612,0.004053625945382633,7.230529592291494,1.0
8.0,270.0,0.30263970782542415,-0.01026186469787831,0.6,157.6447537625214,15.764938760582119,0.2100863060475729,2.0,2.0,0.3796603654866557,0.0030185485586237465,5.615426935450984,1.0
8.0,280.0,0.22548031507703215,-0.007715939274839201,0.56,160.1225377164642,15.79888116853138,0.2100863060475729,2.0,2.0,0.5174862694351612,0.004053625945382633,4.322758689115326,1.0
8.0,290.0,0.09979803152424438,-0.012568228355278776,0.53,161.71012854716056,15.831346501600088,0.2100863060475729,2.0,2.0,0.5174862694351612,0.004053625945382633,3.4550913049229557,1.0
8.0,300.0,0.12729530304465442,0.002749727152041004,0.52,162.8183673915103,15.86227296018152,0.2100863060475729,2.0,2.0,0.5174862694351612,0.004053625945382633,3.562078135079108,1.0
8.0,0.0,0.7059901780327777,0.0,0.0,0.0,12.851770640761519,0.2100863060475729,2.0,2.0,0.5433605829069192,0.004458988539920897,76.8067228239035,2.0
8.0,10.0,1.2135134376483805,0.05075232596156028,0.55,9.15213381350642,12.895360742735402,0.2100863060475729,3.0,3.0,0.5433605829069192,0.004458988539920897,81.57450247082372,2.0
8.0,20.0,1.5568735216548184,0.03433600840064379,0.79,23.277039405264937,12.939724314450967,0.2100863060475729,3.0,3.0,0.5433605829069192,0.004458988539920897,63.053171952953335,2.0
8.0,30.0,1.4539298212308722,-0.010294370042394618,0.84,38.913146535952606,12.984776907327987,0.2100863060475729,3.0,2.0,0.5433605829069192,0.004458988539920897,36.72628341521229,2.0
8.0,40.0,1.0422794949083638,-0.04116503263225084,0.71,51.78855723378093,13.030432761195296,0.2100863060475729,3.0,1.0,0.5433605829069192,0.004458988539920897,15.396334238766945,2.0
8.0,50.0,0.5478321262967327,-0.04944473686116311,0.54,59.918374563279414,13.076604967540153,0.2100863060475729,2.0,1.0,0.4916119559634031,0.004864351134459159,5.841339978478355,2.0
8.0,60.0,0.2157589190448128,-0.03320732072519199,0.41000000000000003,63.68720817086589,13.123205634943528,0.2100863060475729,2.0,1.0,0.4916119559634031,0.004864351134459159,5.431732968110163,2.0
8.0,70.0,0.0402487509106777,-0.017551016813413513,0.33,65.03115791812924,13.170146056386404,0.2100863060475729,2.0,2.0,0.4916119559634031,0.004864351134459159,8.376463166525557,2.0
8.0,80.0,0.15516205029548402,0.011491329938480632,0.37,65.88237688953376,13.217336878108643,0.2100863060475729,2.0,2.0,0.4916119559634031,0.004864351134459159,12.098081660814346,2.0
8.0,90.0,0.3315636208118491,0.017640157051636508,0.44,68.37943733241636,13.264688269698954,0.2100863060475729,2.0,2.0,0.4916119559634031,0.004864351134459159,13.65160950817127,2.0
8.0,100.0,0.460515678394799,0.012895205758294993,0.53,72.1658557222824,13.312110095092162,0.2100863060475729,2.0,2.0,0.4916119559634031,0.004864351134459159,12.84871165390522,2.0
8.0,110.0,0.5083825493230343,0.004786687092823527,0.59,77.07279357564103,13.359512084148353,0.2100863060475729,2.0,2.0,0.4916119559634031,0.004864351134459159,9.847215397840948,2.0
8.0,120.0,0.4072256396114433,-0.010115690971159098,0.58,81.92260831126566,13.406804004487203,0.2100863060475729,2.0,2.0,0.4916119559634031,0.004864351134459159,31.33953529930066,2.0
8.0,130.0,0.24447094322411544,-0.016275469638732786,0.52,85.59675757038681,13.453895833250446,0.2100863060475729,2.0,2.0,0.4916119559634031,0.004864351134459159,64.9910653835211,2.0
8.0,140.0,0.1357197461034474,-0.010875119712066806,0.49,87.84644740574922,13.500697928465517,0.2100863060475729,2.0,2.0,0.4916119559634031,0.004864351134459159,95.79662073645245,2.0
8.0,150.0,1.794350798779881,0.16586310526764336,0.74,88.6502724845126,15.268357713940532,0.2100863060475729,3.0,3.0,0.439863329019887,0.004661669837190028,91.43007237128847,2.0
8.0,160.0,1.7199438137386522,-0.007440698504122878,1.0,88.6502724845126,15.31431379182736,0.2100863060475729,3.0,2.0,0.5433605829069192,0.004458988539920897,58.898843996173774,2.0
8.0,170.0,1.368013755632667,-0.03519300581059852,1.0,88.6502724845126,15.359715196376186,0.2100863060475729,3.0,1.0,0.5174862694351612,0.004053625945382633,27.240081217256858,2.0
8.0,180.0,0.8158216938692426,-0.05521920617634244,0.84,96.18350897968799,15.404475503433012,0.2100863060475729,3.0,1.0,0.3796603654866557,0.0030185485586237465,7.916804510321983,2.0
8.0,190.0,0.2397355222862707,-0.057608617158297196,0.6,101.71761605589742,15.448509509209345,0.2100863060475729,2.0,1.0,0.3796603654866557,0.0030185485586237465,5.463430381305856,2.0
8.0,200.0,-0.1395140444654963,-0.0379249566751767,0.42,101.94939215193283,15.491733392472462,0.2100863060475729,2.0,1.0,0.4916119559634031,0.004864351134459159,6.589278138173253,2.0
8.0,210.0,-0.3136336098143886,-0.01741195653488923,0.33,99.61146915716078,15.534064874103876,0.2100863060475729,2.0,2.0,0.4916119559634031,0.004864351134459159,6.762710917406353,2.0
8.0,220.0,-0.11752707999209022,0.01961065298222984,0.39,97.39748191941207,15.575423373722344,0.2100863060475729,2.0,2.0,0.4916119559634031,0.004864351134459159,8.21230953964964,2.0
8.0,230.0,0.1573863296060658,0.0274913409598156,0.5,97.50069986591255,15.61573016307318,0.2100863060475729,2.0,3.0,0.4916119559634031,0.004864351134459159,10.77944899453078,2.0
8.0,240.0,0.3328764065932681,0.017549007698720233,0.6,99.84801602962227,15.654908515891968,0.2100863060475729,2.0,2.0,0.4916119559634031,0.004864351134459159,10.330538992470798,2.0
8.0,250.0,0.39975121086025567,0.006687480426698755,0.67,103.83998194755159,15.692883853957362,0.2100863060475729,2.0,2.0,0.4916119559634031,0.004864351134459159,7.231214874041123,2.0
8.0,260.0,0.3477082713642474,-0.005204293949600825,0.66,107.78863574150067,15.729583889054979,0.2100863060475729,2.0,2.0,0.5433605829069192,0.004458988539920897,4.140226864771371,2.0
8.0,270.0,0.16791214662727327,-0.017979612473697414,0.6,110.49572081784005,15.764938760582119,0.2100863060475729,2.0,2.0,0.5433605829069192,0.004458988539920897,1.5950451071635692,2.0
8.0,280.0,-0.011640194642804857,-0.017955234127007814,0.53,111.64432680830446,15.79888116853138,0.2100863060475729,2.0,2.0,0.439863329019887,0.004661669837190028,0.9766361955643927,2.0
8.0,290.0,-0.03789485809933524,-0.0026254663456530382,0.51,111.64607200949973,15.831346501600088,0.2100863060475729,2.0,2.0,0.4916119559634031,0.004864351134459159,1.1489811071472769,2.0
8.0,300.0,-0.03999207040270747,-0.00020972123033722312,0.52,111.44653382065775,15.86227296018152,0.2100863060475729,2.0,2.0,0.4916119559634031,0.004864351134459159,1.6820024410985515,2.0
9.0,0.0,1.0318194204149123,0.0,0.0,0.0,14.55193835950914,0.2693418412989949,3.0,2.0,0.5174862694351612,0.004053625945382633,118.30460395185736,0.0
9.0,10.0,1.6423392585902121,0.061051983817529985,0.75,12.566629540970425,14.6454580902405,0.2693418412989949,3.0,3.0,0.5433605829069192,0.004458988539920897,130.88994848689123,0.0
9.0,20.0,2.163049942800889,0.05207106842106768,1.0,15.949950203303981,14.734412910230798,0.2693418412989949,3.0,3.0,0.5433605829069192,0.004458988539920897,114.96947345037778,0.0
9.0,30.0,2.0531107800198427,-0.01099391627810462,1.0,15.949950203303981,14.818633488924316,0.2693418412989949,3.0,2.0,0.40813853037971615,0.018677546432076336,80.99605436976572,0.0
9.0,40.0,1.6556037042864489,-0.039750707573339386,0.96,19.438673472644673,14.897959507662737,0.2693418412989949,3.0,1.0,0.40813853037971615,0.018677546432076336,44.7306537676972,0.0
9.0,50.0,1.0940736075175188,-0.056153009676893004,0.73,33.60516427429207,14.972239964860787,0.2693418412989949,3.0,1.0,0.40813853037971615,0.018677546432076336,21.442736606226067,0.0
9.0,60.0,0.6406629355086579,-0.045341067200886084,0.52,42.55690761686239,15.041333463446367,0.2693418412989949,2.0,1.0,0.40813853037971615,0.018677546432076336,12.430568208894684,0.0
9.0,70.0,0.4435499630804145,-0.019711297242824343,0.45,48.11527778297514,15.1051084800179,0.2693418412989949,2.0,2.0,0.40813853037971615,0.018677546432076336,15.590402096227123,0.0
9.0,80.0,0.4608327584672445,0.0017282795386829974,0.46,52.611277306002535,15.163443615206614,0.2693418412989949,2.0,2.0,0.40813853037971615,0.018677546432076336,27.462770435073857,0.0
9.0,90.0,0.6341452275305279,0.017331246906328347,0.5700000000000001,58.281017819937205,15.216227824767113,0.2693418412989949,2.0,2.0,0.40813853037971615,0.018677546432076336,36.62943356725852,0.0
9.0,100.0,0.8299773939783499,0.019583216644782197,0.6900000000000001,65.73809117651643,15.263360630956452,0.2693418412989949,3.0,2.0,0.40813853037971615,0.018677546432076336,37.603885340344085,0.0
9.0,110.0,0.9573249321796311,0.01273475382012812,0.79,74.6907740150564,15.304752313799188,0.2693418412989949,3.0,2.0,0.40813853037971615,0.018677546432076336,30.704937177652933,0.0
9.0,120.0,0.8516884283692754,-0.010563650381035572,0.79,83.93682966854358,15.340324081874488,0.2693418412989949,3.0,2.0,0.40813853037971615,0.018677546432076336,19.86153226519931,0.0
9.0,130.0,0.6917658107241209,-0.015992261764515448,0.74,91.68153297077163,15.370008222300047,0.2693418412989949,2.0,2.0,0.40813853037971615,0.018677546432076336,12.207438555805671,0.0
9.0,140.0,0.48674994061500954,-0.020501587010911138,0.64,97.56132092377737,15.39374822962743,0.2693418412989949,2.0,2.0,0.40813853037971615,0.018677546432076336,8.442632437241967,0.0
9.0,150.0,0.33294047276201866,-0.015380946785299087,0.6,101.85153125794628,15.411498913403396,0.2693418412989949,2.0,2.0,0.40813853037971615,0.018677546432076336,7.180779600559595,0.0
9.0,160.0,0.2813764718516829,-0.005156400091033575,0.5700000000000001,104.92871373978954,15.423226484192494,0.2693418412989949,2.0,2.0,0.40813853037971615,0.018677546432076336,7.741515162800604,0.0
9.0,170.0,0.3349384000026703,0.005356192815098737,0.61,108.03735468293794,15.428908617897175,0.2693418412989949,2.0,2.0,0.40813853037971615,0.018677546432076336,8.974270538661855,0.0
9.0,180.0,0.3279006225739032,-0.0007037777428767101,0.63,111.25220119715073,15.428534498252983,0.2693418412989949,2.0,2.0,0.40813853037971615,0.018677546432076336,17.314377800491012,0.0
9.0,190.0,0.4046637041415799,0.007676308156767675,0.68,115.08687068082017,15.422104837417923,0.2693418412989949,2.0,2.0,0.40813853037971615,0.018677546432076336,47.58550718186515,0.0
9.0,200.0,0.45115768820724256,0.004649398406566263,0.71,119.23699444323697,15.409631874616831,1.056096231669159,2.0,2.0,0.40813853037971615,0.018677546432076336,78.97016927892751,0.0
9.0,210.0,1.2405846679952788,0.07894269797880363,1.0,124.40855903165142,15.391139352843322,1.056096231669159,3.0,3.0,0.40813853037971615,0.018677546432076336,86.2839107290282,0.0
9.0,220.0,1.735429538175886,0.04948448701806072,1.0,124.40855903165142,15.366662473663634,0.2693418412989949,3.0,3.0,0.5174862694351612,0.004053625945382633,58.887439532988395,0.0
9.0,230.0,1.3265078193606747,-0.040892171881521125,1.0,124.40855903165142,15.336247830208453,0.2693418412989949,3.0,1.0,0.5174862694351612,0.004053625945382633,28.294678295982877,0.0
9.0,240.0,0.8538148721262608,-0.047269294723441393,0.98,125.32837449038063,15.299953318480267,0.2693418412989949,3.0,1.0,0.5174862694351612,0.004053625945382633,11.72999521680972,0.0
9.0,250.0,0.3253383522892861,-0.05284765198369747,0.74,131.57096510010368,15.257848027144984,0.2693418412989949,2.0,1.0,0.5174862694351612,0.004053625945382633,6.997256185853899,0.0
9.0,260.0,-0.07762364288752366,-0.04029619951768097,0.51,132.72728290668974,15.210012106017768,0.2693418412989949,2.0,1.0,0.5174862694351612,0.004053625945382633,6.2521396864185785,0.0
9.0,270.0,-0.2413933970962816,-0.016376975420875794,0.4,131.0450646063109,15.156536613493305,0.2693418412989949,2.0,2.0,0.4916119559634031,0.004864351134459159,5.216128559018686,0.0
9.0,280.0,-0.11710976721909105,0.012428362987719054,0.45,128.70103330455248,15.09752334321097,0.2693418412989949,2.0,2.0,0.40813853037971615,0.018677546432076336,4.669335081317264,0.0
9.0,290.0,0.09997371828156432,0.021708348550065537,0.55,128.57179226646235,15.03308463028483,0.2693418412989949,2.0,2.0,0.40813853037971615,0.018677546432076336,8.861727138598209,0.0
9.0,300.0,0.27395967518684117,0.017398595690527686,0.67,130.52009040377402,14.963343137467401,0.2693418412989949,2.0,2.0,0.40813853037971615,0.018677546432076336,10.110110381060819,0.0
9.0,0.0,0.9918668309803245,0.0,0.0,0.0,14.55193835950914,0.2693418412989949,3.0,2.0,0.5174862694351612,0.004053625945382633,118.1048416297541,1.0
9.0,10.0,1.6511770851810788,0.06593102542007542,0.75,12.699181588721597,14.6454580902405,0.2693418412989949,3.0,3.0,0.5433605829069192,0.004458988539920897,130.93413748157514,1.0
9.0,20.0,2.1723975485752725,0.05212204633941937,1.0,14.350358673902676,14.734412910230798,0.2693418412989949,3.0,3.0,0.5433605829069192,0.004458988539920897,115.0163613330037,1.0
9.0,30.0,2.092520467241119,-0.00798770813341534,1.0,14.350358673902676,14.818633488924316,0.2693418412989949,3.0,2.0,0.40813853037971615,0.018677546432076336,81.23094573995226,1.0
9.0,40.0,1.6779033419977694,-0.04146171252433497,0.98,14.350358673902676,14.897959507662737,0.2693418412989949,3.0,1.0,0.40813853037971615,0.018677546432076336,44.87132202703977,1.0
9.0,50.0,1.1301557546188228,-0.054774758737894655,0.98,26.98435075125336,14.972239964860787,0.2693418412989949,3.0,1.0,0.40813853037971615,0.018677546432076336,19.82242869464262,1.0
9.0,60.0,0.6315371100024443,-0.04986186446163785,0.96,36.23171256538275,15.041333463446367,0.2693418412989949,2.0,1.0,0.5174862694351612,0.004053625945382633,7.165352485942011,1.0
9.0,70.0,0.1496879792382373,-0.0481849130764207,0.8300000000000001,40.4563988805686,15.1051084800179,0.2693418412989949,2.0,1.0,0.5174862694351612,0.004053625945382633,8.991715193253498,1.0
9.0,80.0,-0.29428190022376555,-0.044396987946200284,0.64,39.845640962065126,15.163443615206614,0.2693418412989949,2.0,1.0,0.5174862694351612,0.004053625945382633,14.114234990424578,1.0
9.0,90.0,-0.5492919254855231,-0.025501002526175754,0.45,35.46204241233782,15.216227824767113,0.2693418412989949,1.0,1.0,0.40813853037971615,0.018677546432076336,16.022491181021458,1.0
9.0,100.0,-0.5174917075275118,0.0031800217958011245,0.34,29.81272436863598,15.263360630956452,0.2693418412989949,1.0,2.0,0.40813853037971615,0.018677546432076336,11.018629873128766,1.0
9.0,110.0,-0.34117871443146086,0.017631299309605098,0.32,25.299538276797218,15.304752313799188,0.2693418412989949,2.0,2.0,0.40813853037971615,0.018677546432076336,13.072335890090361,1.0
9.0,120.0,0.03885072482914609,0.0380029439260607,0.42,23.449311412069584,15.340324081874488,0.2693418412989949,2.0,3.0,0.40813853037971615,0.018677546432076336,22.221789198124906,1.0
9.0,130.0,0.43158899950087815,0.03927382746717321,0.63,25.524641301673395,15.370008222300047,0.2693418412989949,2.0,3.0,0.40813853037971615,0.018677546432076336,27.719577783586743,1.0
9.0,140.0,0.6776269088150286,0.02460379093141505,0.86,31.168144680086826,15.39374822962743,0.2693418412989949,2.0,2.0,0.40813853037971615,0.018677546432076336,22.684265817654346,1.0
9.0,150.0,0.7173200449541248,0.00396931361390962,1.0,37.57549118693986,15.411498913403396,0.2693418412989949,2.0,2.0,0.40813853037971615,0.018677546432076336,13.86346850448409,1.0
9.0,160.0,0.4478726414671641,-0.026944740348696074,0.97,40.60778599938355,15.423226484192494,0.2693418412989949,2.0,1.0,0.5174862694351612,0.004053625945382633,6.290239926474176,1.0
9.0,170.0,0.10993463177553409,-0.033793800969163,0.89,43.88841068470297,15.428908617897175,0.2693418412989949,2.0,1.0,0.5174862694351612,0.004053625945382633,9.90643966449781,1.0
9.0,180.0,-0.2946585542321074,-0.04045931860076415,0.71,43.2356319786349,15.428534498252983,0.2693418412989949,2.0,1.0,0.40813853037971615,0.018677546432076336,21.258684415473546,1.0
9.0,190.0,-0.5472879489148781,-0.025262939468277068,0.51,38.89033360738621,15.422104837417923,0.2693418412989949,1.0,1.0,0.40813853037971615,0.018677546432076336,33.71497753822282,1.0
9.0,200.0,-0.6639047368396582,-0.011661678792478014,0.34,32.566432566027785,15.409631874616831,1.056096231669159,1.0,2.0,0.40813853037971615,0.018677546432076336,49.49340121678026,1.0
9.0,210.0,0.3487614738592626,0.10126662106989208,0.64,29.7867354300676,15.391139352843322,1.056096231669159,2.0,3.0,0.40813853037971615,0.018677546432076336,64.60359237171662,1.0
9.0,220.0,1.2835269754205072,0.09347655015612447,1.0,32.73268413032211,15.366662473663634,0.2693418412989949,3.0,3.0,0.40813853037971615,0.018677546432076336,55.887899399206724,1.0
9.0,230.0,1.2655838508349078,-0.0017943124585599434,1.0,32.73268413032211,15.336247830208453,0.2693418412989949,3.0,2.0,0.40813853037971615,0.018677546432076336,31.257144244812046,1.0
9.0,240.0,0.9451911714461545,-0.03203926793887533,1.0,32.73268413032211,15.299953318480267,0.2693418412989949,3.0,1.0,0.4916119559634031,0.004864351134459159,12.608388633471765,1.0
9.0,250.0,0.4465218759512304,-0.049866929549492414,0.93,39.00589134362525,15.257848027144984,0.2693418412989949,2.0,1.0,0.5174862694351612,0.004053625945382633,7.940164282178967,1.0
9.0,260.0,-0.005914012941019564,-0.045243588889224993,0.77,41.306470750464925,15.210012106017768,0.2693418412989949,2.0,1.0,0.5174862694351612,0.004053625945382633,10.882546788416366,1.0
9.0,270.0,-0.42787401589902885,-0.04219600029580093,0.5700000000000001,39.1525089670491,15.156536613493305,0.2693418412989949,1.0,1.0,0.5174862694351612,0.004053625945382633,16.434305248237692,1.0
9.0,280.0,-0.6285132288962529,-0.02006392129972241,0.38,33.98445993398515,15.09752334321097,0.2693418412989949,1.0,2.0,0.40813853037971615,0.018677546432076336,15.589257301403265,1.0
9.0,290.0,-0.5234561890884244,0.010505703980782854,0.29,28.02619577537024,15.03308463028483,0.2693418412989949,1.0,2.0,0.40813853037971615,0.018677546432076336,11.144423776078542,1.0
9.0,300.0,-0.2711116806561549,0.025234450843226952,0.33,23.760486626156585,14.963343137467401,0.2693418412989949,2.0,3.0,0.40813853037971615,0.018677546432076336,15.667867973449994,1.0
9.0,0.0,0.9829973018773224,0.0,0.0,0.0,14.55193835950914,0.2693418412989949,3.0,2.0,0.5174862694351612,0.004053625945382633,118.0604941230055,2.0
9.0,10.0,1.624369021079513,0.06413717192021906,0.74,12.250111973065831,14.6454580902405,0.2693418412989949,3.0,3.0,0.5433605829069192,0.004458988539920897,131.07272211345582,2.0
9.0,20.0,2.1282108467160192,0.050384182563650626,1.0,23.009445935676194,14.734412910230798,0.2693418412989949,3.0,3.0,0.5174862694351612,0.004053625945382633,116.62229517694631,2.0
9.0,30.0,2.072987189442834,-0.005522365727318501,1.0,23.009445935676194,14.818633488924316,0.2693418412989949,3.0,2.0,0.40813853037971615,0.018677546432076336,83.29275933450498,2.0
9.0,40.0,1.715222674968441,-0.03577645144743933,0.9500000000000001,36.27643398207948,14.897959507662737,0.2693418412989949,3.0,1.0,0.40813853037971615,0.018677546432076336,47.31090871610224,2.0
9.0,50.0,1.1759774965269258,-0.05392451784415151,0.78,50.93932428022625,14.972239964860787,0.2693418412989949,3.0,1.0,0.40813853037971615,0.018677546432076336,23.461271067336202,2.0
9.0,60.0,0.7086297245397866,-0.046734777198713925,0.62,60.46852162249044,15.041333463446367,0.2693418412989949,2.0,1.0,0.40813853037971615,0.018677546432076336,12.127640105478838,2.0
9.0,70.0,0.4462770983694391,-0.02623526261703475,0.52,66.31339965793454,15.1051084800179,0.2693418412989949,2.0,1.0,0.40813853037971615,0.018677546432076336,11.124249916955229,2.0
9.0,80.0,0.36995634128868815,-0.007632075708075092,0.5,70.48827844745915,15.163443615206614,0.2693418412989949,2.0,2.0,0.40813853037971615,0.018677546432076336,15.134222863970756,2.0
9.0,90.0,0.5254962978057272,0.0155539956517039,0.5700000000000001,74.88783413765063,15.216227824767113,0.2693418412989949,2.0,2.0,0.40813853037971615,0.018677546432076336,21.3530744105243,2.0
9.0,100.0,0.6339057840105156,0.010840948620478841,0.64,80.58171693213197,15.263360630956452,0.2693418412989949,2.0,2.0,0.40813853037971615,0.018677546432076336,24.158355427458876,2.0
9.0,110.0,0.7356520563977114,0.010174627238719581,0.73,87.32662104495348,15.304752313799188,0.2693418412989949,2.0,2.0,0.40813853037971615,0.018677546432076336,21.688283104877065,2.0
9.0,120.0,0.6767693453574815,-0.00588827110402299,0.75,94.50288486255405,15.340324081874488,0.2693418412989949,2.0,2.0,0.40813853037971615,0.018677546432076336,15.807986330962462,2.0
9.0,130.0,0.6126920506668796,-0.006407729469060186,0.75,100.97619345699279,15.370008222300047,0.2693418412989949,2.0,2.0,0.40813853037971615,0.018677546432076336,11.066769665282447,2.0
9.0,140.0,0.4531758411083011,-0.015951620955857847,0.71,106.41356111230738,15.39374822962743,0.2693418412989949,2.0,2.0,0.40813853037971615,0.018677546432076336,8.40341305311788,2.0
9.0,150.0,0.30136768151756854,-0.015180815959073257,0.67,110.26854714840539,15.411498913403396,0.2693418412989949,2.0,2.0,0.4916119559634031,0.004864351134459159,6.643423856824106,2.0
9.0,160.0,0.19976676954003025,-0.010160091197753829,0.64,113.0190655943473,15.423226484192494,0.2693418412989949,2.0,2.0,0.40813853037971615,0.018677546432076336,5.803716079302524,2.0
9.0,170.0,0.16410011002550107,-0.0035666659514529187,0.61,114.92839449885119,15.428908617897175,0.2693418412989949,2.0,2.0,0.40813853037971615,0.018677546432076336,5.431785623585679,2.0
9.0,180.0,0.16909008893958344,0.0004989978914082371,0.63,116.85714343006413,15.428534498252983,0.2693418412989949,2.0,2.0,0.40813853037971615,0.018677546432076336,9.651813085882054,2.0
9.0,190.0,0.21169954246850153,0.00426094535289181,0.64,118.57889683612376,15.422104837417923,0.2693418412989949,2.0,2.0,0.40813853037971615,0.018677546432076336,38.58147156455799,2.0
9.0,200.0,0.24886402450412604,0.00371644820356245,0.65,120.8323143207279,15.409631874616831,1.056096231669159,2.0,2.0,0.40813853037971615,0.018677546432076336,70.43654901343244,2.0
9.0,210.0,1.0837952916943934,0.08349312671902673,1.0,125.68909257985891,15.391139352843322,1.056096231669159,3.0,3.0,0.40813853037971615,0.018677546432076336,79.54467975158579,2.0
9.0,220.0,1.6467503383397464,0.0562955046645353,1.0,125.68909257985891,15.366662473663634,0.2693418412989949,3.0,3.0,0.40813853037971615,0.018677546432076336,54.21617848374976,2.0
9.0,230.0,1.2455991841125993,-0.04011511542271471,1.0,125.68909257985891,15.336247830208453,0.2693418412989949,3.0,1.0,0.5174862694351612,0.004053625945382633,25.52632895549939,2.0
9.0,240.0,0.8109476232066406,-0.04346515609059587,0.96,128.28325690459474,15.299953318480267,0.2693418412989949,3.0,1.0,0.5174862694351612,0.004053625945382633,10.964992971054173,2.0
9.0,250.0,0.2745997446360491,-0.05363478785705915,0.77,133.84822060529928,15.257848027144984,0.2693418412989949,2.0,1.0,0.5174862694351612,0.004053625945382633,7.990723496356019,2.0
9.0,260.0,-0.1100549393971626,-0.03846546840332117,0.6,134.6369521266386,15.210012106017768,0.2693418412989949,2.0,1.0,0.5174862694351612,0.004053625945382633,8.942290322973,2.0
9.0,270.0,-0.2976396786951234,-0.01875847392979608,0.48,132.2506931081763,15.156536613493305,0.2693418412989949,2.0,2.0,0.439863329019887,0.004661669837190028,7.900191453687052,2.0
9.0,280.0,-0.3103174440285734,-0.0012677765333449996,0.46,128.93048305637754,15.09752334321097,0.2693418412989949,2.0,2.0,0.4916119559634031,0.004864351134459159,5.6717295214603345,2.0
9.0,290.0,-0.08826761041047604,0.02220498336180974,0.54,126.63145230333541,15.03308463028483,0.2693418412989949,2.0,2.0,0.40813853037971615,0.018677546432076336,3.4351089723696164,2.0
9.0,300.0,0.0634433351558421,0.015171094556631815,0.6,126.4544622922268,14.963343137467401,0.2693418412989949,2.0,2.0,0.40813853037971615,0.018677546432076336,5.605038087609665,2.0
10.0,0.0,0.8195127037787451,0.0,0.0,0.0,14.553045198047773,0.07839059404404523,3.0,2.0,0.6330357742015967,0.0009017250524035088,77.21638120194176,0.0
10.0,10.0,1.3239765643684969,0.05044638605897518,0.6900000000000001,10.237488766180071,14.645700641104607,0.07839059404404523,3.0,3.0,0.6330357742015967,0.0009017250524035088,62.65765328736886,0.0
10.0,20.0,1.5633153659647157,0.02393388015962188,0.92,25.30153091948539,14.736576426205811,0.07839059404404523,3.0,2.0,0.439863329019887,0.004661669837190028,38.154648174173886,0.0
10.0,30.0,1.0164204194181785,-0.05468949465465371,0.75,39.30720809842556,14.82549956612942,0.07839059404404523,3.0,1.0,0.6330357742015967,0.0009017250524035088,27.73323324753283,0.0
10.0,40.0,0.011713325225521487,-0.1004707094192657,0.26,45.065241235115735,14.912300790624517,0.07839059404404523,2.0,1.0,0.6330357742015967,0.0009017250524035088,25.12718996714578,0.0
10.0,50.0,-0.7713259513430977,-0.07830392765686192,0.0,44.414564909590396,14.996814868626824,0.07839059404404523,1.0,1.0,0.6330357742015967,0.0009017250524035088,24.14646393158277,0.0
10.0,60.0,-0.7282494565787765,0.004307649476432118,0.0,44.414564909590396,15.078880922785391,0.07839059404404523,1.0,2.0,0.4916119559634031,0.004864351134459159,23.907747780211107,0.0
10.0,70.0,-0.14686733427138776,0.058138212230738874,0.0,43.70473366532516,15.158342735701797,0.07839059404404523,2.0,3.0,0.4916119559634031,0.004864351134459159,34.61576891244393,0.0
10.0,80.0,0.5378995416009076,0.06847668758722954,0.43,45.34223807829068,15.235049047298848,0.07839059404404523,2.0,3.0,0.5433605829069192,0.004458988539920897,41.90110706696686,0.0
10.0,90.0,1.0760592056926477,0.05381596640917401,0.76,53.48744761494984,15.308853842752708,0.07839059404404523,3.0,3.0,0.6330357742015967,0.0009017250524035088,31.284161361049684,0.0
10.0,100.0,0.9705086572477946,-0.010555054844485313,0.79,64.38089521946985,15.379616630440456,0.07839059404404523,3.0,2.0,0.6330357742015967,0.0009017250524035088,18.898444720986554,0.0
10.0,110.0,0.3142897987109734,-0.06562188585368212,0.5,71.67068708760601,15.447202709373816,0.07839059404404523,2.0,1.0,0.6330357742015967,0.0009017250524035088,21.39004838959464,0.0
10.0,120.0,-0.4880599970021784,-0.08023497957131517,0.0,71.01082495037211,15.511483425610205,0.07839059404404523,1.0,1.0,0.5174862694351612,0.004053625945382633,46.52898371716381,0.0
10.0,130.0,-0.8163526062801694,-0.0328292609277991,0.0,70.52276495336993,15.572336417152794,0.07839059404404523,1.0,1.0,0.439863329019887,0.004661669837190028,73.2929670933195,0.0
10.0,140.0,-0.40299835067169454,0.04133542556084748,0.0,69.53183983071816,15.629645846873512,0.07839059404404523,1.0,3.0,0.439863329019887,0.004661669837190028,99.95367652394435,0.0
10.0,150.0,1.4922673742591854,0.189526572493088,0.6,73.24017156009822,16.965197556810082,0.07839059404404523,3.0,4.0,0.439863329019887,0.004661669837190028,101.22042644151756,0.0
10.0,160.0,2.008037675997617,0.051577030173843144,1.0,73.24017156009822,17.01509954065058,0.07839059404404523,3.0,3.0,0.6330357742015967,0.0009017250524035088,65.71271217260255,0.0
10.0,170.0,1.6658330366640541,-0.034220463933356274,1.0,73.24017156009822,17.061151740926974,0.07839059404404523,3.0,1.0,0.6330357742015967,0.0009017250524035088,43.25968243925631,0.0
10.0,180.0,0.6331169802803807,-0.10327160563836735,0.73,79.45209912981674,17.103266494658584,0.07839059404404523,2.0,1.0,0.6330357742015967,0.0009017250524035088,42.6450296628404,0.0
10.0,190.0,-0.5294566104238356,-0.11625735907042163,0.0,80.46506741719354,17.14136363401804,0.07839059404404523,1.0,1.0,0.6330357742015967,0.0009017250524035088,51.72534182505959,0.0
10.0,200.0,-1.189978789336422,-0.06605221789125863,0.0,79.9356108067697,17.175370638935284,0.07839059404404523,1.0,1.0,0.439863329019887,0.004661669837190028,35.7616627457712,0.0
10.0,210.0,-0.9257597706181748,0.026421901871824714,0.0,79.9356108067697,17.20522277514361,0.07839059404404523,1.0,3.0,0.4916119559634031,0.004864351134459159,24.748503328318893,0.0
10.0,220.0,-0.20610359777201737,0.07196561728461574,0.25,77.81651589572246,17.230863217405073,0.07839059404404523,2.0,3.0,0.4916119559634031,0.004864351134459159,30.09135094700762,0.0
10.0,230.0,0.5307491979003665,0.07368527956723839,0.55,79.27929475027612,17.252243157680503,0.07839059404404523,2.0,3.0,0.5433605829069192,0.004458988539920897,32.225914012613494,0.0
10.0,240.0,0.9652691858691114,0.04345199879687449,0.85,87.19461602596633,17.26932189803845,0.07839059404404523,3.0,3.0,0.6330357742015967,0.0009017250524035088,22.0634728373053,0.0
10.0,250.0,0.7403128667227392,-0.022495631914637215,0.8,96.47842082405177,17.282066928125936,0.07839059404404523,2.0,2.0,0.6330357742015967,0.0009017250524035088,23.556880678609843,0.0
10.0,260.0,-0.02782205282747441,-0.07681349195502137,0.43,100.43692156483513,17.290453987053816,0.07839059404404523,2.0,1.0,0.6330357742015967,0.0009017250524035088,27.277194802396586,0.0
10.0,270.0,-0.7399827795801954,-0.07121607267527211,0.0,96.4802642461328,17.294467109578733,0.07839059404404523,1.0,1.0,0.6330357742015967,0.0009017250524035088,30.504157389246647,0.0
10.0,280.0,-0.941350315288144,-0.020136753570794853,0.0,95.7402814665526,17.294098656493865,0.07839059404404523,1.0,2.0,0.4916119559634031,0.004864351134459159,21.981762147402915,0.0
10.0,290.0,-0.3517824981086335,0.058956781717951046,0.25,92.90225826329,17.289349329170598,0.07839059404404523,2.0,3.0,0.4916119559634031,0.004864351134459159,21.738599713405286,0.0
10.0,300.0,0.4063253580045014,0.07581078561131349,0.54,92.75317263313715,17.280228168223438,0.07839059404404523,2.0,3.0,0.4916119559634031,0.004864351134459159,24.91743983509521,0.0
10.0,0.0,0.8291308868217513,0.0,0.0,0.0,14.553045198047773,0.07839059404404523,3.0,2.0,0.6330357742015967,0.0009017250524035088,77.26447196667766,1.0
10.0,10.0,1.351966921194876,0.05228360343731246,0.75,10.283091320015096,14.645700641104607,0.07839059404404523,3.0,3.0,0.6330357742015967,0.0009017250524035088,61.4195142997112,1.0
10.0,20.0,1.591481705272912,0.023951478407803605,1.0,16.003072872375803,14.736576426205811,0.07839059404404523,3.0,2.0,0.439863329019887,0.004661669837190028,38.13670504799508,1.0
10.0,30.0,0.9331439248009765,-0.06583377804719355,0.6900000000000001,26.469047624631713,14.82549956612942,0.07839059404404523,3.0,1.0,0.6330357742015967,0.0009017250524035088,33.41934218985922,1.0
10.0,40.0,-0.2188622346531055,-0.1152006159454082,0.0,30.641393476862838,14.912300790624517,0.07839059404404523,2.0,1.0,0.5174862694351612,0.004053625945382633,31.169017857567184,1.0
10.0,50.0,-0.9455884359554538,-0.07267262013023483,0.0,30.641393476862838,14.996814868626824,0.07839059404404523,1.0,1.0,0.6330357742015967,0.0009017250524035088,25.0697536041371,1.0
10.0,60.0,-0.613179367149101,0.03324090688063528,0.0,30.641393476862838,15.078880922785391,0.07839059404404523,1.0,3.0,0.5433605829069192,0.004458988539920897,26.90401731421529,1.0
10.0,70.0,0.05990719836800906,0.067308656551711,0.0,30.599481138841796,15.158342735701797,0.07839059404404523,2.0,3.0,0.5433605829069192,0.004458988539920897,41.80690915703098,1.0
10.0,80.0,0.6727237725602393,0.06128165741922302,0.42,33.923515691581784,15.235049047298848,0.07839059404404523,2.0,3.0,0.5433605829069192,0.004458988539920897,50.69012442458751,1.0
10.0,90.0,1.2123879710396785,0.053966419847943925,0.78,43.33463520383502,15.308853842752708,0.07839059404404523,3.0,3.0,0.6330357742015967,0.0009017250524035088,37.107696873185645,1.0
10.0,100.0,1.0983502549546387,-0.011403771608503987,0.75,55.357937311864575,15.379616630440456,0.07839059404404523,3.0,2.0,0.6330357742015967,0.0009017250524035088,20.69852255412826,1.0
10.0,110.0,0.4121542017165112,-0.06861960532381275,0.37,63.51017189668745,15.447202709373816,0.07839059404404523,2.0,1.0,0.6330357742015967,0.0009017250524035088,11.252635941130753,1.0
10.0,120.0,-0.3589004225849628,-0.0771054624301474,0.0,64.57336375544055,15.511483425610205,0.07839059404404523,2.0,1.0,0.439863329019887,0.004661669837190028,38.209489275097894,1.0
10.0,130.0,-0.49408514554055216,-0.013518472295558937,0.0,64.57336375544055,15.572336417152794,0.07839059404404523,1.0,2.0,0.4916119559634031,0.004864351134459159,79.4441696188845,1.0
10.0,140.0,0.06905924475139003,0.05631443902919422,0.0,64.56002822995222,15.629645846873512,0.07839059404404523,2.0,3.0,0.4916119559634031,0.004864351134459159,126.56086938996216,1.0
10.0,150.0,2.0139231742363464,0.19448639294849562,0.6,65.00830505731085,16.965197556810082,0.07839059404404523,3.0,4.0,0.5433605829069192,0.004458988539920897,133.43209667668543,1.0
10.0,160.0,2.4167794178325863,0.040285624359623996,1.0,65.00830505731085,17.01509954065058,0.07839059404404523,3.0,3.0,0.439863329019887,0.004661669837190028,86.69975316983388,1.0
10.0,170.0,2.0346199378081558,-0.03821594800244306,1.0,65.00830505731085,17.061151740926974,0.07839059404404523,3.0,1.0,0.439863329019887,0.004661669837190028,50.117326209949034,1.0
10.0,180.0,1.0092033740740938,-0.1025416563734062,0.8300000000000001,70.16864368154923,17.103266494658584,0.07839059404404523,3.0,1.0,0.6330357742015967,0.0009017250524035088,39.37093952613794,1.0
10.0,190.0,-0.20540499876310747,-0.12146083728372012,0.0,74.68745279531313,17.14136363401804,0.07839059404404523,2.0,1.0,0.6330357742015967,0.0009017250524035088,38.545438262900504,1.0
10.0,200.0,-1.0132666124206438,-0.08078616136575363,0.0,74.68745279531313,17.175370638935284,0.07839059404404523,1.0,1.0,0.439863329019887,0.004661669837190028,30.64118157848598,1.0
10.0,210.0,-0.809342813271531,0.020392379914911274,0.0,74.68745279531313,17.20522277514361,0.07839059404404523,1.0,2.0,0.4916119559634031,0.004864351134459159,25.079883203863925,1.0
10.0,220.0,-0.04317737761064322,0.07661654356608878,0.0,74.68745279531313,17.230863217405073,0.07839059404404523,2.0,3.0,0.4916119559634031,0.004864351134459159,38.088910267140754,1.0
10.0,230.0,0.6594620613135191,0.07026394389241623,0.45,77.39405423798658,17.252243157680503,0.07839059404404523,2.0,3.0,0.5174862694351612,0.004053625945382633,59.24119344746793,1.0
10.0,240.0,1.329977162139727,0.06705151008262078,0.89,87.37151126141588,17.26932189803845,0.07839059404404523,3.0,3.0,0.6330357742015967,0.0009017250524035088,44.57243289363036,1.0
10.0,250.0,1.2609817672011943,-0.006899539493853269,0.92,100.77040289037903,17.282066928125936,0.07839059404404523,3.0,2.0,0.6330357742015967,0.0009017250524035088,29.311403328112103,1.0
10.0,260.0,0.4330360417386139,-0.08279457254625804,0.5,110.25109018250697,17.290453987053816,0.07839059404404523,2.0,1.0,0.6330357742015967,0.0009017250524035088,21.371793235880734,1.0
10.0,270.0,-0.4675463515833016,-0.09005823933219155,0.0,111.31972773406869,17.294467109578733,0.07839059404404523,1.0,1.0,0.4916119559634031,0.004864351134459159,20.542812965142033,1.0
10.0,280.0,-0.7153440137715599,-0.024779766218825827,0.0,111.31972773406869,17.294098656493865,0.07839059404404523,1.0,2.0,0.4916119559634031,0.004864351134459159,13.9150990646674,1.0
10.0,290.0,-0.15810772270511464,0.05572362910664452,0.0,111.31972773406869,17.289349329170598,0.07839059404404523,2.0,3.0,0.4916119559634031,0.004864351134459159,31.23391324977859,1.0
10.0,300.0,0.6190023036092782,0.07771100263143929,0.44,113.28545065175994,17.280228168223438,0.07839059404404523,2.0,3.0,0.439863329019887,0.004661669837190028,54.43337531656378,1.0
10.0,0.0,0.8200804830056363,0.0,0.0,0.0,14.553045198047773,0.07839059404404523,3.0,2.0,0.6330357742015967,0.0009017250524035088,77.2192200891932,2.0
10.0,10.0,1.3353971609197366,0.05153166779141003,0.61,10.26353467543548,14.645700641104607,0.07839059404404523,3.0,3.0,0.6330357742015967,0.0009017250524035088,66.43863560065192,2.0
10.0,20.0,1.6043001758642532,0.026890301494451662,0.8200000000000001,25.29606121554535,14.736576426205811,0.07839059404404523,3.0,3.0,0.439863329019887,0.004661669837190028,42.25840598966606,2.0
10.0,30.0,1.1636660336515128,-0.04406341422127404,0.74,39.86705920609012,14.82549956612942,0.07839059404404523,3.0,1.0,0.6330357742015967,0.0009017250524035088,22.16700539249546,2.0
10.0,40.0,0.2755068619713974,-0.08881591716801154,0.4,47.8482031077903,14.912300790624517,0.07839059404404523,2.0,1.0,0.6330357742015967,0.0009017250524035088,12.931220857984613,2.0
10.0,50.0,-0.469039516919171,-0.07445463788905685,0.0,47.212202781049385,14.996814868626824,0.07839059404404523,1.0,1.0,0.6330357742015967,0.0009017250524035088,17.26207674142843,2.0
10.0,60.0,-0.5889760369339285,-0.011993652001475752,0.0,46.74316326413022,15.078880922785391,0.07839059404404523,1.0,2.0,0.4916119559634031,0.004864351134459159,21.21049192606086,2.0
10.0,70.0,-0.14394395992302123,0.04450320770109073,0.0,44.64365532590953,15.158342735701797,0.07839059404404523,2.0,3.0,0.4916119559634031,0.004864351134459159,31.44616743654835,2.0
10.0,80.0,0.5067822929697954,0.06507262528928166,0.41000000000000003,46.01920014396685,15.235049047298848,0.07839059404404523,2.0,3.0,0.5433605829069192,0.004458988539920897,34.63982138509724,2.0
10.0,90.0,0.9822225020002904,0.0475440209030495,0.67,53.350205822709526,15.308853842752708,0.07839059404404523,3.0,3.0,0.6330357742015967,0.0009017250524035088,26.427378992297832,2.0
10.0,100.0,0.8658639076887624,-0.011635859431152796,0.6900000000000001,63.02427913545243,15.379616630440456,0.07839059404404523,3.0,2.0,0.6330357742015967,0.0009017250524035088,13.518281503085937,2.0
10.0,110.0,0.3418446066452461,-0.05240193010435164,0.51,69.65316630522187,15.447202709373816,0.07839059404404523,2.0,1.0,0.6330357742015967,0.0009017250524035088,10.697538283400018,2.0
10.0,120.0,-0.292366854314853,-0.0634211460960099,0.25,70.22931676040517,15.511483425610205,0.07839059404404523,2.0,1.0,0.439863329019887,0.004661669837190028,36.22524424806258,2.0
10.0,130.0,-0.5734813335275248,-0.028111447921267185,0.0,65.6909448723648,15.572336417152794,0.07839059404404523,1.0,1.0,0.5174862694351612,0.004053625945382633,64.91997736850105,2.0
10.0,140.0,-0.46382523872602377,0.010965609480150107,0.0,59.982264412260776,15.629645846873512,0.07839059404404523,1.0,2.0,0.5174862694351612,0.004053625945382633,93.98581434504092,2.0
10.0,150.0,1.3709382140560287,0.18347634527820525,0.6,66.63020986082232,16.965197556810082,0.07839059404404523,3.0,4.0,0.6330357742015967,0.0009017250524035088,92.22893109326107,2.0
10.0,160.0,1.8589892071581247,0.0488050993102096,1.0,70.9629713684788,17.01509954065058,0.07839059404404523,3.0,3.0,0.6330357742015967,0.0009017250524035088,60.58535661418179,2.0
10.0,170.0,1.5617215660116557,-0.0297267641146469,1.0,70.9629713684788,17.061151740926974,0.07839059404404523,3.0,1.0,0.6330357742015967,0.0009017250524035088,40.92742660321278,2.0
10.0,180.0,0.5517425729319498,-0.10099789930797058,0.68,80.83262299144556,17.103266494658584,0.07839059404404523,2.0,1.0,0.6330357742015967,0.0009017250524035088,38.989224598286086,2.0
10.0,190.0,-0.576721665949318,-0.11284642388812678,0.25,80.85652363644343,17.14136363401804,0.07839059404404523,1.0,1.0,0.6330357742015967,0.0009017250524035088,48.97334341369032,2.0
10.0,200.0,-1.2064677335895624,-0.06297460676402444,0.0,78.07840134968697,17.175370638935284,0.07839059404404523,1.0,1.0,0.439863329019887,0.004661669837190028,33.99046969732398,2.0
10.0,210.0,-0.8870151669682329,0.03194525666213295,0.0,78.07840134968697,17.20522277514361,0.07839059404404523,1.0,3.0,0.4916119559634031,0.004864351134459159,25.29962358131572,2.0
10.0,220.0,-0.12233420449683408,0.07646809624713988,0.25,73.44444216220965,17.230863217405073,0.07839059404404523,2.0,3.0,0.4916119559634031,0.004864351134459159,28.51815664148361,2.0
10.0,230.0,0.600867255913915,0.07232014604107491,0.58,75.26501456198208,17.252243157680503,0.07839059404404523,2.0,3.0,0.5433605829069192,0.004458988539920897,28.820658484455983,2.0
10.0,240.0,0.9389819949159701,0.033811473900205516,0.8,83.14310822535792,17.26932189803845,0.07839059404404523,3.0,3.0,0.6330357742015967,0.0009017250524035088,18.597130916106238,2.0
10.0,250.0,0.6380577868504496,-0.030092420806552056,0.73,91.51203710598625,17.282066928125936,0.07839059404404523,2.0,1.0,0.6330357742015967,0.0009017250524035088,15.927371190853794,2.0
10.0,260.0,-0.049077816705899835,-0.06871356035563495,0.45,94.99210402158303,17.290453987053816,0.07839059404404523,2.0,1.0,0.6330357742015967,0.0009017250524035088,20.667366942493732,2.0
10.0,270.0,-0.67655571781631,-0.06274779011104101,0.25,91.58962180279224,17.294467109578733,0.07839059404404523,1.0,1.0,0.6330357742015967,0.0009017250524035088,27.920249952454522,2.0
10.0,280.0,-0.8085778613938857,-0.013202214357757569,0.0,83.74921100655128,17.294098656493865,0.07839059404404523,1.0,2.0,0.439863329019887,0.004661669837190028,22.013585952752127,2.0
10.0,290.0,-0.4368389224768663,0.037173893891701934,0.25,76.72949793412758,17.289349329170598,0.07839059404404523,1.0,3.0,0.4916119559634031,0.004864351134459159,22.564980194279695,2.0
10.0,300.0,0.25917899071404804,0.06960179131909143,0.44,75.41508265174923,17.280228168223438,0.07839059404404523,2.0,3.0,0.4916119559634031,0.004864351134459159,23.871298645730356,2.0
11.0,0.0,-1.5861395911864662,0.0,0.0,0.0,10.335428282078137,0.27391505785844616,1.0,2.0,0.439863329019887,0.004661669837190028,40.64725055876542,0.0
11.0,10.0,-0.9904034482017927,0.059573614298467345,0.0,0.0,10.47816212630821,0.27391505785844616,1.0,3.0,0.4916119559634031,0.004864351134459159,24.814198578593963,0.0
11.0,20.0,-0.27982791299538334,0.07105755352064094,0.0,0.0,10.61970148112444,0.27391505785844616,2.0,3.0,0.6530797081235442,0.0050579737674340325,39.68957417959322,0.0
11.0,30.0,0.3818184675475855,0.06616463805429688,0.25,0.9795929541070585,10.759776918320366,0.27391505785844616,2.0,3.0,0.6530797081235442,0.0050579737674340325,62.453910198260566,0.0
11.0,40.0,1.0227574776680193,0.06409390101204337,0.53,7.648635473090447,10.898121796339918,0.27391505785844616,3.0,3.0,0.6530797081235442,0.0050579737674340325,71.51575781233765,0.0
11.0,50.0,1.4190486056331153,0.0396291127965096,0.8,19.948523498373465,11.034472767844765,0.27391505785844616,3.0,3.0,0.6530797081235442,0.0050579737674340325,55.443565506063024,0.0
11.0,60.0,1.364094594482978,-0.00549540111501372,0.85,34.197679057481466,11.168570281010982,0.27391505785844616,3.0,2.0,0.5433605829069192,0.004458988539920897,31.21363722584462,0.0
11.0,70.0,0.9486348615449067,-0.04154597329380714,0.7000000000000001,46.21992747367811,11.300159073600643,0.27391505785844616,3.0,1.0,0.439863329019887,0.004661669837190028,11.01183756824691,0.0
11.0,80.0,0.37750514613248853,-0.05711297154124182,0.43,53.0469710516866,11.42898865886804,0.27391505785844616,2.0,1.0,0.439863329019887,0.004661669837190028,3.3097364328349808,0.0
11.0,90.0,-0.016103243237111542,-0.039360838936960005,0.25,54.81082484578539,11.554813802375417,0.27391505785844616,2.0,1.0,0.6530797081235442,0.0050579737674340325,5.293488068438466,0.0
11.0,100.0,-0.07834856231517762,-0.006224531907806608,0.25,54.06041242595194,11.677394988810672,0.27391505785844616,2.0,2.0,0.6530797081235442,0.0050579737674340325,10.386828807505136,0.0
11.0,110.0,0.11964473063427405,0.019799329294945166,0.27,54.089443550086415,11.796498877918378,0.27391505785844616,2.0,2.0,0.6530797081235442,0.0050579737674340325,18.06611403370782,0.0
11.0,120.0,0.40546718545281024,0.02858224548185362,0.44,56.603869662391446,11.911898748676183,0.27391505785844616,2.0,3.0,0.6530797081235442,0.0050579737674340325,23.597396177796078,0.0
11.0,130.0,0.6746137589674248,0.02691465735146146,0.59,61.9204183038627,12.023374930871203,0.27391505785844616,2.0,3.0,0.6530797081235442,0.0050579737674340325,22.74810824399814,0.0
11.0,140.0,0.7428100860527458,0.0068196327085320975,0.67,69.16675922624187,12.130715223254743,0.27391505785844616,2.0,2.0,0.6530797081235442,0.0050579737674340325,15.698512212124955,0.0
11.0,150.0,0.6016578961638608,-0.014115218988888501,0.63,76.02968638198988,12.233715297479424,0.27391505785844616,2.0,2.0,0.5174862694351612,0.004053625945382633,7.4497087386177725,0.0
11.0,160.0,0.34315782375731274,-0.025850007240654803,0.52,80.85603237118423,12.33217908704982,0.27391505785844616,2.0,1.0,0.439863329019887,0.004661669837190028,2.7931889287921154,0.0
11.0,170.0,0.0989681061133254,-0.024418971764398733,0.4,83.10337240673526,12.425919160546162,0.27391505785844616,2.0,2.0,0.6530797081235442,0.0050579737674340325,1.1623254263641338,0.0
11.0,180.0,0.021362132609791473,-0.007760597350353393,0.35000000000000003,83.55967598322991,12.514757078410721,0.27391505785844616,2.0,2.0,0.6530797081235442,0.0050579737674340325,4.1078229154362855,0.0
11.0,190.0,0.053479854070722865,0.003211772146093139,0.36,83.75491563362614,12.598523732617618,0.27391505785844616,2.0,2.0,0.6530797081235442,0.0050579737674340325,7.75685040962296,0.0
11.0,200.0,0.22405265705471322,0.017057280298399036,0.45,85.06269401451878,12.677059668579584,0.27391505785844616,2.0,2.0,0.6530797081235442,0.0050579737674340325,9.692810791449723,0.0
11.0,210.0,0.3554284177937994,0.013137576073908619,0.54,87.92309061455923,12.750215388678829,0.27391505785844616,2.0,2.0,0.6530797081235442,0.0050579737674340325,9.076026466822817,0.0
11.0,220.0,0.38994948228206994,0.0034521064488270527,0.58,91.84559273439714,12.817851636844242,0.27391505785844616,2.0,2.0,0.4916119559634031,0.004864351134459159,7.314410227072319,0.0
11.0,230.0,0.3489344108176766,-0.004101507146439332,0.5700000000000001,95.72669462473695,12.879839663633245,0.27391505785844616,2.0,2.0,0.5174862694351612,0.004053625945382633,4.471124397850468,0.0
11.0,240.0,0.19015286862401481,-0.01587815421936618,0.51,98.50865429705223,12.936061471313682,0.27391505785844616,2.0,2.0,0.5174862694351612,0.004053625945382633,2.049767038847508,0.0
11.0,250.0,0.060464989038788275,-0.012968787958522654,0.44,99.77357844332988,12.986410038479196,0.27391505785844616,2.0,2.0,0.4916119559634031,0.004864351134459159,0.7261634578442594,0.0
11.0,260.0,0.012348001295311661,-0.004811698774347661,0.41000000000000003,100.09481502436365,13.030789523770547,0.27391505785844616,2.0,2.0,0.6530797081235442,0.0050579737674340325,1.7408977545145832,0.0
11.0,270.0,0.038154332866454865,0.0025806331571143204,0.42,100.19829334270038,13.069115448315141,0.27391505785844616,2.0,2.0,0.6530797081235442,0.0050579737674340325,3.796285114999932,0.0
11.0,280.0,0.13772043473340645,0.009956610186695159,0.47000000000000003,100.90427864756651,13.101314856537282,0.27391505785844616,2.0,2.0,0.6530797081235442,0.0050579737674340325,4.967494361921778,0.0
11.0,290.0,0.2223544041509804,0.008463396941757396,0.53,102.68686293552332,13.127326455033337,0.27391505785844616,2.0,2.0,0.4916119559634031,0.004864351134459159,5.134992596688385,0.0
11.0,300.0,0.21708858930185215,-0.0005265814849128248,0.54,104.9286548988224,13.147100729247168,0.27391505785844616,2.0,2.0,0.5433605829069192,0.004458988539920897,4.064094887148041,0.0
11.0,0.0,-1.5929525817610113,0.0,0.0,0.0,10.335428282078137,0.27391505785844616,1.0,2.0,0.439863329019887,0.004661669837190028,40.68468906863082,1.0
11.0,10.0,-0.9622505862787634,0.06307019954822479,0.0,0.0,10.47816212630821,0.27391505785844616,1.0,3.0,0.4916119559634031,0.004864351134459159,24.667223043560565,1.0
11.0,20.0,-0.29678237416729303,0.06654682121114704,0.0,0.0,10.61970148112444,0.27391505785844616,2.0,3.0,0.6530797081235442,0.0050579737674340325,39.71630193303635,1.0
11.0,30.0,0.36490626065992515,0.06616886348272182,0.25,0.8163135275960904,10.759776918320366,0.27391505785844616,2.0,3.0,0.6530797081235442,0.0050579737674340325,62.59131876615814,1.0
11.0,40.0,1.0221986193796297,0.06572923587197047,0.66,7.4809952982344115,10.898121796339918,0.27391505785844616,3.0,3.0,0.6530797081235442,0.0050579737674340325,64.08827655871428,1.0
11.0,50.0,1.382773147239206,0.03605745278595762,0.99,19.710041495975737,11.034472767844765,0.27391505785844616,3.0,3.0,0.6530797081235442,0.0050579737674340325,41.35747847375393,1.0
11.0,60.0,1.1900527441547837,-0.019272040308442227,0.9400000000000001,26.21997623077368,11.168570281010982,0.27391505785844616,3.0,2.0,0.439863329019887,0.004661669837190028,18.693428326531922,1.0
11.0,70.0,0.5278072328097672,-0.06622455113450165,0.5700000000000001,35.207852725918265,11.300159073600643,0.27391505785844616,2.0,1.0,0.5174862694351612,0.004053625945382633,8.442404743736688,1.0
11.0,80.0,-0.12088943482000047,-0.06486966676297676,0.25,37.44493071008311,11.42898865886804,0.27391505785844616,2.0,1.0,0.439863329019887,0.004661669837190028,10.362180293630198,1.0
11.0,90.0,-0.3817808953134083,-0.026089146049340782,0.0,36.18622214307672,11.554813802375417,0.27391505785844616,1.0,1.0,0.6530797081235442,0.0050579737674340325,20.29737830556735,1.0
11.0,100.0,-0.061190771559541446,0.032059012375386685,0.0,35.195302017189114,11.677394988810672,0.27391505785844616,2.0,3.0,0.6530797081235442,0.0050579737674340325,36.16557700897231,1.0
11.0,110.0,0.522026353912949,0.05832171254724905,0.49,37.137421983899436,11.796498877918378,0.27391505785844616,2.0,3.0,0.6530797081235442,0.0050579737674340325,45.54826009737224,1.0
11.0,120.0,0.9818883629922261,0.04598620090792771,0.85,44.74227247572738,11.911898748676183,0.27391505785844616,3.0,3.0,0.6530797081235442,0.0050579737674340325,34.186136563022146,1.0
11.0,130.0,0.9952686120620875,0.001338024906986135,0.9400000000000001,55.10813987349013,12.023374930871203,0.27391505785844616,3.0,2.0,0.439863329019887,0.004661669837190028,17.403858316829773,1.0
11.0,140.0,0.5770493892825463,-0.041821922277954116,0.73,63.55329630034301,12.130715223254743,0.27391505785844616,2.0,1.0,0.5174862694351612,0.004053625945382633,11.522904216827694,1.0
11.0,150.0,-0.04236368178395722,-0.061941307106650356,0.35000000000000003,66.67490420458951,12.233715297479424,0.27391505785844616,2.0,1.0,0.5174862694351612,0.004053625945382633,11.692881226643541,1.0
11.0,160.0,-0.4221119179301205,-0.03797482361461633,0.0,64.08951424765357,12.33217908704982,0.27391505785844616,1.0,1.0,0.439863329019887,0.004661669837190028,13.937474525940008,1.0
11.0,170.0,-0.38301682731761844,0.003909509061250205,0.0,60.010496280918794,12.425919160546162,0.27391505785844616,1.0,2.0,0.4916119559634031,0.004864351134459159,21.97609007397993,1.0
11.0,180.0,0.12058930080697294,0.05036061281245914,0.34,58.13523468495259,12.514757078410721,0.27391505785844616,2.0,3.0,0.6530797081235442,0.0050579737674340325,34.15417435701389,1.0
11.0,190.0,0.6903308500401515,0.05697415492331785,0.74,61.977545993951594,12.598523732617618,0.27391505785844616,2.0,3.0,0.6530797081235442,0.0050579737674340325,31.983655767172458,1.0
11.0,200.0,0.9239661675862827,0.023363531754613122,0.96,70.36048170637277,12.677059668579584,0.27391505785844616,3.0,2.0,0.439863329019887,0.004661669837190028,19.26024165312605,1.0
11.0,210.0,0.6777801862539263,-0.024618598133235636,0.88,78.99115210010422,12.750215388678829,0.27391505785844616,2.0,2.0,0.5174862694351612,0.004053625945382633,13.916087060600137,1.0
11.0,220.0,0.09905733002729988,-0.057872285622662646,0.53,83.38994296493274,12.817851636844242,0.27391505785844616,2.0,1.0,0.5174862694351612,0.004053625945382633,17.208328315683143,1.0
11.0,230.0,-0.4684976816430293,-0.056755501167032915,0.25,81.68608000751051,12.879839663633245,0.27391505785844616,1.0,1.0,0.5433605829069192,0.004458988539920897,17.169222142990222,1.0
11.0,240.0,-0.6043926574147456,-0.013589497577171627,0.0,77.8732639328886,12.936061471313682,0.27391505785844616,1.0,2.0,0.439863329019887,0.004661669837190028,16.482823292440838,1.0
11.0,250.0,-0.2543443587772991,0.035004829863744646,0.25,74.23834137581908,12.986410038479196,0.27391505785844616,2.0,3.0,0.6530797081235442,0.0050579737674340325,25.349858319276724,1.0
11.0,260.0,0.35674112155381366,0.061108548033111276,0.56,74.39887485212626,13.030789523770547,0.27391505785844616,2.0,3.0,0.6530797081235442,0.0050579737674340325,29.092081811564846,1.0
11.0,270.0,0.8010244352928027,0.0444283313738989,0.91,80.14668097942807,13.069115448315141,0.27391505785844616,3.0,3.0,0.5433605829069192,0.004458988539920897,22.066872644151662,1.0
11.0,280.0,0.7766486712758294,-0.0024375764016973276,0.97,88.45252949381953,13.101314856537282,0.27391505785844616,3.0,2.0,0.5174862694351612,0.004053625945382633,14.629166136282507,1.0
11.0,290.0,0.2725772434280529,-0.05040714278477765,0.7000000000000001,94.2185786451972,13.127326455033337,0.27391505785844616,2.0,1.0,0.5174862694351612,0.004053625945382633,19.376201950381475,1.0
11.0,300.0,-0.33350286513984884,-0.06060801085679017,0.3,94.21108150410599,13.147100729247168,0.27391505785844616,2.0,1.0,0.5174862694351612,0.004053625945382633,20.813930683571435,1.0
11.0,0.0,-1.589298726920319,0.0,0.0,0.0,10.335428282078137,0.27391505785844616,1.0,2.0,0.439863329019887,0.004661669837190028,40.66461053204647,2.0
11.0,10.0,-0.9679876038206352,0.06213111230996837,0.0,0.0,10.47816212630821,0.27391505785844616,1.0,3.0,0.4916119559634031,0.004864351134459159,24.697173860817312,2.0
11.0,20.0,-0.2947570346279811,0.0673230569192654,0.0,0.0,10.61970148112444,0.27391505785844616,2.0,3.0,0.6530797081235442,0.0050579737674340325,39.71310909928615,2.0
11.0,30.0,0.41153267729329457,0.07062897119212756,0.25,0.9839814272469205,10.759776918320366,0.27391505785844616,2.0,3.0,0.6530797081235442,0.0050579737674340325,63.60946216989718,2.0
11.0,40.0,1.0084557208480156,0.059692304355472105,0.45,7.7734278102218966,10.898121796339918,0.27391505785844616,3.0,3.0,0.6530797081235442,0.0050579737674340325,78.49120377103887,2.0
11.0,50.0,1.4473684766964467,0.04389127558484311,0.72,20.25053831927967,11.034472767844765,0.27391505785844616,3.0,3.0,0.6530797081235442,0.0050579737674340325,66.59210416360358,2.0
11.0,60.0,1.5036969399854598,0.0056328463289013085,0.8200000000000001,35.22980405309621,11.168570281010982,0.27391505785844616,3.0,2.0,0.6530797081235442,0.0050579737674340325,42.143209699186215,2.0
11.0,70.0,1.1646340942628761,-0.033906284572258374,0.75,48.76455206740867,11.300159073600643,0.27391505785844616,3.0,1.0,0.439863329019887,0.004661669837190028,19.48881935145906,2.0
11.0,80.0,0.6308650469100385,-0.05337690473528376,0.5700000000000001,58.070874974686504,11.42898865886804,0.27391505785844616,2.0,1.0,0.5174862694351612,0.004053625945382633,5.221568389063509,2.0
11.0,90.0,0.2031124152915531,-0.04277526316184854,0.4,62.318164316592714,11.554813802375417,0.27391505785844616,2.0,1.0,0.6530797081235442,0.0050579737674340325,2.2618679125835293,2.0
11.0,100.0,-0.04878851879403001,-0.025190093408558312,0.28,62.977412200063284,11.677394988810672,0.27391505785844616,2.0,1.0,0.6530797081235442,0.0050579737674340325,5.48856887570056,2.0
11.0,110.0,0.0008997474918217563,0.004968826628585177,0.29,62.52878559781698,11.796498877918378,0.27391505785844616,2.0,2.0,0.6530797081235442,0.0050579737674340325,9.977481649991876,2.0
11.0,120.0,0.20361232228590964,0.020271257479408788,0.37,63.34934897064345,11.911898748676183,0.27391505785844616,2.0,2.0,0.6530797081235442,0.0050579737674340325,14.179426582495397,2.0
11.0,130.0,0.4567083469214026,0.025309602463549297,0.49,66.4736408451989,12.023374930871203,0.27391505785844616,2.0,3.0,0.6530797081235442,0.0050579737674340325,15.714158034732549,2.0
11.0,140.0,0.5486069960012365,0.009189864907983392,0.5700000000000001,71.44400815802678,12.130715223254743,0.27391505785844616,2.0,2.0,0.6530797081235442,0.0050579737674340325,13.21033715976592,2.0
11.0,150.0,0.5565634747567252,0.0007956478755488661,0.61,77.10041939792885,12.233715297479424,0.27391505785844616,2.0,2.0,0.4916119559634031,0.004864351134459159,9.154599604999063,2.0
11.0,160.0,0.39149365132776026,-0.016506982342896492,0.5700000000000001,82.04255684136942,12.33217908704982,0.27391505785844616,2.0,2.0,0.5433605829069192,0.004458988539920897,4.837467207530609,2.0
11.0,170.0,0.23904989558322143,-0.015244375574453883,0.51,85.20189718466041,12.425919160546162,0.27391505785844616,2.0,2.0,0.4916119559634031,0.004864351134459159,2.101097352951613,2.0
11.0,180.0,0.09960641435101181,-0.013944348123220962,0.46,86.84863387575666,12.514757078410721,0.27391505785844616,2.0,2.0,0.6530797081235442,0.0050579737674340325,0.7563911410155973,2.0
11.0,190.0,0.02009892581116901,-0.00795074885398428,0.42,87.34403155952815,12.598523732617618,0.27391505785844616,2.0,2.0,0.6530797081235442,0.0050579737674340325,1.9352837477321432,2.0
11.0,200.0,0.004077276657891815,-0.0016021649153277195,0.41000000000000003,87.49890773351903,12.677059668579584,0.27391505785844616,2.0,2.0,0.6530797081235442,0.0050579737674340325,3.7400470301208606,2.0
11.0,210.0,0.07868620265208293,0.007460892599419111,0.44,87.99962656746683,12.750215388678829,0.27391505785844616,2.0,2.0,0.6530797081235442,0.0050579737674340325,5.070384119294466,2.0
11.0,220.0,0.16268912074807673,0.008400291809599381,0.49,89.25613065291101,12.817851636844242,0.27391505785844616,2.0,2.0,0.6530797081235442,0.0050579737674340325,5.287627518897265,2.0
11.0,230.0,0.21999107921001482,0.005730195846193808,0.52,91.15899563076556,12.879839663633245,0.27391505785844616,2.0,2.0,0.6530797081235442,0.0050579737674340325,4.747292480925549,2.0
11.0,240.0,0.22552290272136233,0.0005531823511347511,0.53,93.3762290565531,12.936061471313682,0.27391505785844616,2.0,2.0,0.4916119559634031,0.004864351134459159,3.6658605438445147,2.0
11.0,250.0,0.1568694195159246,-0.006865348320543774,0.52,95.36239348484152,12.986410038479196,0.27391505785844616,2.0,2.0,0.439863329019887,0.004661669837190028,2.233184079734538,2.0
11.0,260.0,0.08188002778108583,-0.007498939173483876,0.49,96.5863103563828,13.030789523770547,0.27391505785844616,2.0,2.0,0.4916119559634031,0.004864351134459159,1.0949275004393164,2.0
11.0,270.0,0.025757430288003036,-0.005612259749308279,0.47000000000000003,97.23774973541391,13.069115448315141,0.27391505785844616,2.0,2.0,0.4916119559634031,0.004864351134459159,0.6501315439210821,2.0
11.0,280.0,0.009398767304094946,-0.001635866298390809,0.46,97.48042296352108,13.101314856537282,0.27391505785844616,2.0,2.0,0.6530797081235442,0.0050579737674340325,0.7420716646855537,2.0
11.0,290.0,0.040281372666122195,0.003088260536202725,0.46,97.72636335728126,13.127326455033337,0.27391505785844616,2.0,2.0,0.6530797081235442,0.0050579737674340325,1.2499664756983053,2.0
11.0,300.0,0.07079344305769553,0.003051207039157333,0.48,98.16377239625241,13.147100729247168,0.27391505785844616,2.0,2.0,0.6530797081235442,0.0050579737674340325,1.6481491266879067,2.0
12.0,0.0,2.331309766942411,0.0,0.0,0.0,6.558727855087604,0.09808257404109995,3.0,2.0,0.6496186400446676,0.0028587519021822183,128.11439258784688,0.0
12.0,10.0,2.4124544911166197,0.00811447241742087,0.75,0.0,6.596073358219559,0.09808257404109995,3.0,2.0,0.6496186400446676,0.0028587519021822183,78.15819053408521,0.0
12.0,20.0,1.8972268883744547,-0.0515227602742165,1.0,0.0,6.63219144031191,0.09808257404109995,3.0,1.0,0.6496186400446676,0.0028587519021822183,32.41270847716689,0.0
12.0,30.0,0.908716533780833,-0.09885103545936218,0.58,14.538626491975016,6.6670133485425715,0.09808257404109995,3.0,1.0,0.5433605829069192,0.004458988539920897,7.702922624455559,0.0
12.0,40.0,0.19215479348330433,-0.07165617402975286,0.25,19.98413252906959,6.700472797430077,0.09808257404109995,2.0,1.0,0.5174862694351612,0.004053625945382633,2.910111523559351,0.0
12.0,50.0,0.07909457604340275,-0.011306021743990157,0.25,21.176536329076797,6.732506095011765,0.09808257404109995,2.0,2.0,0.5174862694351612,0.004053625945382633,5.053603075960919,0.0
12.0,60.0,0.15489842655710362,0.007580385051370086,0.25,22.322268370405222,6.763052264085026,0.09808257404109995,2.0,2.0,0.5174862694351612,0.004053625945382633,5.432002131478166,0.0
12.0,70.0,0.1870246789808121,0.003212625242370848,0.25,24.021968747962877,6.792053158280908,0.09808257404109995,2.0,2.0,0.5174862694351612,0.004053625945382633,27.317421412395525,0.0
12.0,80.0,0.18438081253064098,-0.00026438664501711174,0.25,25.91759475905713,6.819453572748998,0.09808257404109995,2.0,2.0,0.5174862694351612,0.004053625945382633,51.57121786958894,0.0
12.0,90.0,0.15805271571213098,-0.0026328096818510004,0.25,27.624625050441725,6.845201349243023,0.09808257404109995,2.0,2.0,0.5174862694351612,0.004053625945382633,67.33587499193595,0.0
12.0,100.0,-1.3294168602453027,-0.14874695759574336,0.0,28.27416304720604,5.3628799128658855,0.09808257404109995,1.0,1.0,0.5174862694351612,0.004053625945382633,54.88761998100068,0.0
12.0,110.0,-1.0727067302892372,0.025671012995606545,0.0,28.27416304720604,5.385178615532006,0.09808257404109995,1.0,3.0,0.5174862694351612,0.004053625945382633,31.648228315338457,0.0
12.0,120.0,-0.7579158077502193,0.031479092253901796,0.0,28.27416304720604,5.405687447852344,0.09808257404109995,1.0,3.0,0.6496186400446676,0.0028587519021822183,14.291575444347702,0.0
12.0,130.0,-0.47882032032089583,0.027909548742932343,0.0,28.27416304720604,5.424367370098942,0.09808257404109995,1.0,3.0,0.4916119559634031,0.004864351134459159,7.099138731033545,0.0
12.0,140.0,-0.16256997370182802,0.03162503466190678,0.0,28.064006454513223,5.441182823978103,0.09808257404109995,2.0,3.0,0.439863329019887,0.004661669837190028,4.77317251535352,0.0
12.0,150.0,0.12184653872387585,0.028441651242570386,0.25,27.598882877180955,5.4561018003176365,0.09808257404109995,2.0,3.0,0.5433605829069192,0.004458988539920897,6.321257394211724,0.0
12.0,160.0,0.26558349418925786,0.0143736955465382,0.25,29.65510518041493,5.469095899998145,0.09808257404109995,2.0,2.0,0.4916119559634031,0.004864351134459159,4.913497538261243,0.0
12.0,170.0,0.23625818716442382,-0.002932530702483405,0.25,32.07416867944448,5.480140388012348,0.09808257404109995,2.0,2.0,0.4916119559634031,0.004864351134459159,3.1625274361872773,0.0
12.0,180.0,0.15506241879479887,-0.008119576836962494,0.25,33.87764904590796,5.489214240549586,0.09808257404109995,2.0,2.0,0.439863329019887,0.004661669837190028,1.9042346856232633,0.0
12.0,190.0,0.06527138631197715,-0.008979103248282171,0.25,35.02440669787346,5.496300185015826,0.09808257404109995,2.0,2.0,0.5174862694351612,0.004053625945382633,1.3272361947025,0.0
12.0,200.0,0.013329785220914658,-0.00519416010910625,0.25,35.542299369769616,5.5013847329130385,0.09808257404109995,2.0,2.0,0.5433605829069192,0.004458988539920897,2.048615140045949,0.0
12.0,210.0,-0.043410198409961964,-0.005673998363087662,0.25,35.50802002177572,5.504458205515316,0.09808257404109995,2.0,2.0,0.5433605829069192,0.004458988539920897,3.178515127486796,0.0
12.0,220.0,0.009063854084711664,0.005247405249467363,0.25,35.0855675170577,5.5055147522928785,0.09808257404109995,2.0,2.0,0.5174862694351612,0.004053625945382633,1.9267035626231084,0.0
12.0,230.0,0.09818015490268195,0.008911630081797028,0.25,35.726664437966114,5.5045523620488765,0.09808257404109995,2.0,2.0,0.439863329019887,0.004661669837190028,1.6887527663179769,0.0
12.0,240.0,0.039400698953496516,-0.005877945594918543,0.25,36.48138826323296,5.501572866747846,0.09808257404109995,2.0,2.0,0.5174862694351612,0.004053625945382633,1.4212126888618548,0.0
12.0,250.0,-0.012396487107601217,-0.005179718606109773,0.25,36.70053638692404,5.496581938028431,0.09808257404109995,2.0,2.0,0.5433605829069192,0.004458988539920897,2.478812158639741,0.0
12.0,260.0,-0.05433007485817143,-0.0041933587750570215,0.0,36.468437474402435,5.489589076407118,0.09808257404109995,2.0,2.0,0.5433605829069192,0.004458988539920897,2.810245586500306,0.0
12.0,270.0,-0.02943748845643057,0.002489258640174086,0.25,35.85170221234861,5.480607593193447,0.09808257404109995,2.0,2.0,0.5174862694351612,0.004053625945382633,3.1040332933047923,0.0
12.0,280.0,0.15222785908646586,0.018166534754289643,0.25,36.680935258941474,5.4696545851511935,0.09808257404109995,2.0,2.0,0.6496186400446676,0.0028587519021822183,2.28196212950053,0.0
12.0,290.0,0.09177141701763603,-0.006045644206882983,0.25,37.991282970934165,5.4567509019536935,0.09808257404109995,2.0,2.0,0.439863329019887,0.004661669837190028,1.7238819807337658,0.0
12.0,300.0,0.04042291494941708,-0.0051348502068218945,0.25,38.73424632603372,5.441921106495311,0.09808257404109995,2.0,2.0,0.5174862694351612,0.004053625945382633,1.7683638976461036,0.0
12.0,0.0,2.326182520366146,0.0,0.0,0.0,6.558727855087604,0.09808257404109995,3.0,2.0,0.6496186400446676,0.0028587519021822183,128.08875643518272,1.0
12.0,10.0,2.4308416051669504,0.010465908480080444,0.75,0.0,6.596073358219559,0.09808257404109995,3.0,2.0,0.6496186400446676,0.0028587519021822183,78.25012118919719,1.0
12.0,20.0,1.9134175868129795,-0.05174240183539709,1.0,0.0,6.63219144031191,0.09808257404109995,3.0,1.0,0.6496186400446676,0.0028587519021822183,32.49339052639577,1.0
12.0,30.0,0.8491294089028969,-0.10642881779100825,0.73,7.466438602350369,6.6670133485425715,0.09808257404109995,3.0,1.0,0.5174862694351612,0.004053625945382633,7.2221406326073705,1.0
12.0,40.0,0.03782406746951139,-0.08113053414333855,0.0,11.92319971504881,6.700472797430077,0.09808257404109995,2.0,1.0,0.4916119559634031,0.004864351134459159,6.709893804383849,1.0
12.0,50.0,-0.09416225203153061,-0.0131986319501042,0.0,11.911029646205819,6.732506095011765,0.09808257404109995,2.0,2.0,0.6496186400446676,0.0028587519021822183,9.277554854737467,1.0
12.0,60.0,0.18739150090325296,0.028155375293478356,0.25,12.462113564475036,6.763052264085026,0.09808257404109995,2.0,3.0,0.6496186400446676,0.0028587519021822183,11.750778781595523,1.0
12.0,70.0,0.4471695254712351,0.025977802456798215,0.34,15.814162687108574,6.792053158280908,0.09808257404109995,2.0,3.0,0.439863329019887,0.004661669837190028,29.080848297627952,1.0
12.0,80.0,0.36160116107004114,-0.008556836440119397,0.31,20.088672891852834,6.819453572748998,0.09808257404109995,2.0,2.0,0.439863329019887,0.004661669837190028,48.0246235888242,1.0
12.0,90.0,0.2778795070172393,-0.008372165405280185,0.26,23.336433478609674,6.845201349243023,0.09808257404109995,2.0,2.0,0.5174862694351612,0.004053625945382633,61.41325237002772,1.0
12.0,100.0,-1.2641025020671215,-0.15419820090843608,0.0,24.431247633186075,5.3628799128658855,0.09808257404109995,1.0,1.0,0.5174862694351612,0.004053625945382633,48.70983891393724,1.0
12.0,110.0,-1.0033810233435467,0.026072147872357475,0.0,24.431247633186075,5.385178615532006,0.09808257404109995,1.0,3.0,0.5174862694351612,0.004053625945382633,26.764806541422818,1.0
12.0,120.0,-0.7020018336523535,0.030137918969119326,0.0,24.431247633186075,5.405687447852344,0.09808257404109995,1.0,3.0,0.6496186400446676,0.0028587519021822183,11.86010077535597,1.0
12.0,130.0,-0.4090646134366587,0.02929372202156948,0.0,24.431247633186075,5.424367370098942,0.09808257404109995,1.0,3.0,0.4916119559634031,0.004864351134459159,6.7129738180692,1.0
12.0,140.0,-0.11262066401158677,0.02964439494250719,0.0,24.431247633186075,5.441182823978103,0.09808257404109995,2.0,3.0,0.439863329019887,0.004661669837190028,5.61223390729735,1.0
12.0,150.0,0.16204573067529182,0.02746663946868786,0.25,24.830889505437835,5.4561018003176365,0.09808257404109995,2.0,3.0,0.5433605829069192,0.004458988539920897,7.206675505431641,1.0
12.0,160.0,0.2932996373451502,0.013125390666985837,0.27,27.359262478388114,5.469095899998145,0.09808257404109995,2.0,2.0,0.5433605829069192,0.004458988539920897,5.531506483072173,1.0
12.0,170.0,0.22191443245862175,-0.0071385204886528445,0.25,30.187394510206737,5.480140388012348,0.09808257404109995,2.0,2.0,0.4916119559634031,0.004864351134459159,3.40642451174087,1.0
12.0,180.0,0.13557092456267128,-0.008634350789595046,0.25,31.958643297291694,5.489214240549586,0.09808257404109995,2.0,2.0,0.439863329019887,0.004661669837190028,1.90832712840862,1.0
12.0,190.0,0.07775907465328658,-0.00578118499093847,0.25,33.09775609865487,5.496300185015826,0.09808257404109995,2.0,2.0,0.5174862694351612,0.004053625945382633,1.2992016634722645,1.0
12.0,200.0,0.04923841760665937,-0.0028520657046627205,0.25,33.68829238141124,5.5013847329130385,0.09808257404109995,2.0,2.0,0.5174862694351612,0.004053625945382633,1.5279336678834339,1.0
12.0,210.0,0.1010771673936226,0.005183874978696323,0.25,34.34982681045508,5.504458205515316,0.09808257404109995,2.0,2.0,0.5174862694351612,0.004053625945382633,1.651510677475737,1.0
12.0,220.0,0.06370815601585988,-0.0037369011377762717,0.0,34.96484705510471,5.5055147522928785,0.09808257404109995,2.0,2.0,0.5174862694351612,0.004053625945382633,1.1017952920988618,1.0
12.0,230.0,0.03880468329738562,-0.002490347271847426,0.25,35.34855653801892,5.5045523620488765,0.09808257404109995,2.0,2.0,0.5174862694351612,0.004053625945382633,1.4568780145389653,1.0
12.0,240.0,0.017284960440221653,-0.002151972285716397,0.0,35.748644326733924,5.501572866747846,0.09808257404109995,2.0,2.0,0.439863329019887,0.004661669837190028,1.0983794467061117,1.0
12.0,250.0,0.09938506840208916,0.00821001079618675,0.25,36.02246761261241,5.496581938028431,0.09808257404109995,2.0,2.0,0.4916119559634031,0.004864351134459159,4.717526591402465,1.0
12.0,260.0,0.22633938702954381,0.012695431862745465,0.26,37.89184482266587,5.489589076407118,0.09808257404109995,2.0,2.0,0.4916119559634031,0.004864351134459159,3.2983965891500504,1.0
12.0,270.0,0.19053359436971462,-0.0035805792659829193,0.25,39.85039445678275,5.480607593193447,0.09808257404109995,2.0,2.0,0.4916119559634031,0.004864351134459159,2.30796025215169,1.0
12.0,280.0,0.10994083657481468,-0.008059275779489995,0.25,41.42315929566149,5.4696545851511935,0.09808257404109995,2.0,2.0,0.6496186400446676,0.0028587519021822183,1.5178575345332594,1.0
12.0,290.0,0.06773473708015132,-0.0042206099494663364,0.25,42.315910655518095,5.4567509019536935,0.09808257404109995,2.0,2.0,0.5174862694351612,0.004053625945382633,2.3858120867049584,1.0
12.0,300.0,-0.0006728240802438279,-0.006840756116039515,0.25,42.624321469491775,5.441921106495311,0.09808257404109995,2.0,2.0,0.5174862694351612,0.004053625945382633,2.7456285144847046,1.0
12.0,0.0,2.3287475270329594,0.0,0.0,0.0,6.558727855087604,0.09808257404109995,3.0,2.0,0.6496186400446676,0.0028587519021822183,128.10158142838657,2.0
12.0,10.0,2.424875463287389,0.009612793625442961,0.75,0.0,6.596073358219559,0.09808257404109995,3.0,2.0,0.6496186400446676,0.0028587519021822183,78.22029207463484,2.0
12.0,20.0,1.9206127796448413,-0.05042626836425477,0.93,10.621673355123349,6.63219144031191,0.09808257404109995,3.0,1.0,0.5433605829069192,0.004458988539920897,32.65723864616004,2.0
12.0,30.0,0.9125075933024291,-0.10081051863424122,0.56,25.274152527258366,6.6670133485425715,0.09808257404109995,3.0,1.0,0.5433605829069192,0.004458988539920897,8.706264191269447,2.0
12.0,40.0,0.3002401538092876,-0.061226743949314155,0.29,31.237450390310958,6.700472797430077,0.09808257404109995,2.0,1.0,0.4916119559634031,0.004864351134459159,4.174957923857285,2.0
12.0,50.0,0.1309255591301799,-0.01693145946791077,0.25,33.30153403486515,6.732506095011765,0.09808257404109995,2.0,2.0,0.5174862694351612,0.004053625945382633,3.6888365922856297,2.0
12.0,60.0,0.08376427079155846,-0.004716128833862143,0.25,34.40504523935952,6.763052264085026,0.09808257404109995,2.0,2.0,0.5174862694351612,0.004053625945382633,3.501904681801861,2.0
12.0,70.0,0.09677835605730323,0.0013014085265744767,0.25,35.393225945576546,6.792053158280908,0.09808257404109995,2.0,2.0,0.5174862694351612,0.004053625945382633,27.08077261007556,2.0
12.0,80.0,0.12732385409098868,0.0030545498033685446,0.25,36.56084557770866,6.819453572748998,0.09808257404109995,2.0,2.0,0.5174862694351612,0.004053625945382633,53.45770195529217,2.0
12.0,90.0,0.11472530412841309,-0.001259854996257559,0.25,37.727912596057635,6.845201349243023,0.09808257404109995,2.0,2.0,0.5174862694351612,0.004053625945382633,71.19382568481672,2.0
12.0,100.0,-1.4001461770834531,-0.15148714812118663,0.0,38.16405914212651,5.3628799128658855,0.09808257404109995,1.0,1.0,0.5174862694351612,0.004053625945382633,59.25549248101085,2.0
12.0,110.0,-1.1746817089774808,0.022546446810597233,0.0,38.16405914212651,5.385178615532006,0.09808257404109995,1.0,2.0,0.5174862694351612,0.004053625945382633,35.3205240128172,2.0
12.0,120.0,-0.8410952217077465,0.03335864872697343,0.0,38.16405914212651,5.405687447852344,0.09808257404109995,1.0,3.0,0.6496186400446676,0.0028587519021822183,16.497077070370587,2.0
12.0,130.0,-0.5156212399372677,0.03254739817704788,0.0,38.16405914212651,5.424367370098942,0.09808257404109995,1.0,3.0,0.439863329019887,0.004661669837190028,7.080538697359662,2.0
12.0,140.0,-0.22899201265881075,0.028662922727845697,0.0,36.25094567093158,5.441182823978103,0.09808257404109995,2.0,3.0,0.439863329019887,0.004661669837190028,3.5005757365229453,2.0
12.0,150.0,0.061448979247355595,0.029044099190616634,0.25,35.26721274384083,5.4561018003176365,0.09808257404109995,2.0,3.0,0.5174862694351612,0.004053625945382633,2.6729714761489243,2.0
12.0,160.0,0.11917062304027226,0.005772164379291666,0.25,36.47939388402867,5.469095899998145,0.09808257404109995,2.0,2.0,0.6496186400446676,0.0028587519021822183,1.784075384111718,2.0
12.0,170.0,0.06018699259756133,-0.005898363044271093,0.25,37.54106660030101,5.480140388012348,0.09808257404109995,2.0,2.0,0.5174862694351612,0.004053625945382633,1.790215305445506,2.0
12.0,180.0,0.005715066474309083,-0.005447192612325224,0.25,38.01240281728256,5.489214240549586,0.09808257404109995,2.0,2.0,0.5174862694351612,0.004053625945382633,2.21987837802999,2.0
12.0,190.0,-0.044284205530793486,-0.004999927200510257,0.25,37.930849381560755,5.496300185015826,0.09808257404109995,2.0,2.0,0.5433605829069192,0.004458988539920897,3.1815751837160753,2.0
12.0,200.0,-0.1247955089809274,-0.008051130345013391,0.25,37.22789496154953,5.5013847329130385,0.09808257404109995,2.0,2.0,0.439863329019887,0.004661669837190028,3.248446797500563,2.0
12.0,210.0,-0.10055099496236863,0.002424451401855876,0.0,35.91103263226672,5.504458205515316,0.09808257404109995,2.0,2.0,0.439863329019887,0.004661669837190028,2.7918465313434595,2.0
12.0,220.0,0.1417338708977347,0.024228486586010334,0.25,36.06665633437413,5.5055147522928785,0.09808257404109995,2.0,2.0,0.6496186400446676,0.0028587519021822183,2.171420486579995,2.0
12.0,230.0,0.09316301757225887,-0.004857085332547584,0.25,37.36877506029434,5.5045523620488765,0.09808257404109995,2.0,2.0,0.439863329019887,0.004661669837190028,1.689869886900202,2.0
12.0,240.0,0.030998041064624005,-0.006216497650763486,0.25,38.044064881206445,5.501572866747846,0.09808257404109995,2.0,2.0,0.5174862694351612,0.004053625945382633,1.5968982911993337,2.0
12.0,250.0,-0.006146295407326363,-0.0037144336471950368,0.25,38.188087864284185,5.496581938028431,0.09808257404109995,2.0,2.0,0.5433605829069192,0.004458988539920897,2.750767848454522,2.0
12.0,260.0,-0.08347592483366029,-0.007732962942633393,0.25,37.719172463213816,5.489589076407118,0.09808257404109995,2.0,2.0,0.5433605829069192,0.004458988539920897,3.258681250095336,2.0
12.0,270.0,-0.10523980835096935,-0.002176388351730907,0.0,36.766921513906176,5.480607593193447,0.09808257404109995,2.0,2.0,0.439863329019887,0.004661669837190028,3.4262435653077157,2.0
12.0,280.0,-0.09778622588370212,0.0007453582467267239,0.0,35.31600570874767,5.4696545851511935,0.09808257404109995,2.0,2.0,0.439863329019887,0.004661669837190028,2.9534433749124727,2.0
12.0,290.0,0.15318410822144202,0.025097033410514412,0.25,35.579040734052725,5.4567509019536935,0.09808257404109995,2.0,3.0,0.6496186400446676,0.0028587519021822183,2.349934846109857,2.0
12.0,300.0,0.0876104574575578,-0.0065573650763884215,0.25,36.86819609873608,5.441921106495311,0.09808257404109995,2.0,2.0,0.439863329019887,0.004661669837190028,1.7203179569314508,2.0
13.0,0.0,1.1700043610838264,0.0,0.0,0.0,9.484726090868232,0.04153547455781411,3.0,2.0,0.5433605829069192,0.004458988539920897,48.740078968452714,0.0
13.0,10.0,1.2672396723126589,0.009723531122883244,0.71,12.046105598867129,9.598117398184467,0.04153547455781411,3.0,2.0,0.4061315135439156,0.0031841184632332804,28.22178505425053,0.0
13.0,20.0,0.862649039569142,-0.04045906327435169,0.58,23.71847503211606,9.70744389787058,0.04153547455781411,3.0,1.0,0.4061315135439156,0.0031841184632332804,13.746319380836368,0.0
13.0,30.0,-0.018694104265549072,-0.08813431438346911,0.25,28.300072307337707,9.812497480720705,0.04153547455781411,2.0,1.0,0.5174862694351612,0.004053625945382633,12.616965914524767,0.0
13.0,40.0,-0.485520313872577,-0.04668262096070279,0.0,27.818197371714962,9.913078171269039,0.04153547455781411,1.0,1.0,0.4061315135439156,0.0031841184632332804,9.715243026124124,0.0
13.0,50.0,-0.3685140533268978,0.01170062605456792,0.0,27.818197371714962,10.008994508454489,0.04153547455781411,2.0,2.0,0.439863329019887,0.004661669837190028,7.009681166324253,0.0
13.0,60.0,-0.07225546842171227,0.029625858490518554,0.0,27.225838123767208,10.10006391007769,0.04153547455781411,2.0,3.0,0.4916119559634031,0.004864351134459159,5.291048549260982,0.0
13.0,70.0,0.19313771272043212,0.02653931811421444,0.25,27.5805585140039,10.186113020356611,0.04153547455781411,2.0,3.0,0.5433605829069192,0.004458988539920897,6.097248579923856,0.0
13.0,80.0,0.33065363685897964,0.013751592413854753,0.3,30.550723167715415,10.266978039919127,0.04153547455781411,2.0,2.0,0.4061315135439156,0.0031841184632332804,4.342599655572158,0.0
13.0,90.0,0.1267508871592753,-0.020390274969970434,0.25,33.19919895524504,10.342505037604422,0.04153547455781411,2.0,2.0,0.4061315135439156,0.0031841184632332804,2.733562348907636,0.0
13.0,100.0,-0.04989462302012271,-0.0176645510179398,0.0,33.753248437838394,10.412550243479732,0.04153547455781411,2.0,2.0,0.4916119559634031,0.004864351134459159,4.309847619496063,0.0
13.0,110.0,-0.12543732050636436,-0.007554269748624165,0.0,32.61822097665325,10.476980322514574,0.04153547455781411,2.0,2.0,0.4916119559634031,0.004864351134459159,6.515132488430566,0.0
13.0,120.0,0.08394414988312349,0.020938147038948786,0.25,32.21052641248707,10.535672628391527,0.04153547455781411,2.0,2.0,0.5433605829069192,0.004458988539920897,13.064253282486094,0.0
13.0,130.0,0.2644296322387696,0.01804854823556461,0.26,33.82198333589953,10.588515436970507,0.24607234886416113,2.0,2.0,0.5433605829069192,0.004458988539920897,16.288352559231303,0.0
13.0,140.0,0.5138602065168705,0.02494305742781009,0.4,37.52051353840355,10.635408158961997,0.24607234886416113,2.0,2.0,0.5433605829069192,0.004458988539920897,16.243822948433504,0.0
13.0,150.0,0.5904713449882237,0.007661113847135326,0.48,43.192783728837384,10.676261531404474,0.24607234886416113,2.0,2.0,0.5433605829069192,0.004458988539920897,11.559410626363103,0.0
13.0,160.0,0.4894264164909856,-0.010104492849723812,0.46,48.75961221188082,10.710997787581544,0.24607234886416113,2.0,2.0,0.4916119559634031,0.004864351134459159,7.315662048731466,0.0
13.0,170.0,0.2596034055424745,-0.02298230109485111,0.37,52.78483715434339,10.739550805055284,0.24607234886416113,2.0,2.0,0.4916119559634031,0.004864351134459159,5.790449220103896,0.0
13.0,180.0,0.14119276524214897,-0.011841064030032555,0.3,54.999291947765784,10.761866231534103,0.24607234886416113,2.0,2.0,0.4916119559634031,0.004864351134459159,6.73333976347058,0.0
13.0,190.0,0.21839868339385404,0.007720591815170508,0.33,56.744863644031184,10.777901588335357,0.24607234886416113,2.0,2.0,0.4916119559634031,0.004864351134459159,7.777151651696202,0.0
13.0,200.0,0.2823965531425827,0.0063997869748728675,0.38,59.32979220243124,10.787626351245986,0.24607234886416113,2.0,2.0,0.4916119559634031,0.004864351134459159,7.0531327934625105,0.0
13.0,210.0,0.2996759316771289,0.0017279378534546196,0.41000000000000003,62.43329462177235,10.791022008627078,0.24607234886416113,2.0,2.0,0.4916119559634031,0.004864351134459159,5.336595268760653,0.0
13.0,220.0,0.2424093358562125,-0.0057266595820916425,0.4,65.261641730259,10.78808209665181,0.24607234886416113,2.0,2.0,0.4916119559634031,0.004864351134459159,3.9052192614833725,0.0
13.0,230.0,0.18404140712803851,-0.005836792872817398,0.38,67.56171963567684,10.778812211609715,0.24607234886416113,2.0,2.0,0.4916119559634031,0.004864351134459159,3.153312524421544,0.0
13.0,240.0,0.12150409443647803,-0.006253731269156048,0.35000000000000003,69.16075647696272,10.763229999253841,0.24607234886416113,2.0,2.0,0.439863329019887,0.004661669837190028,3.9178341903634344,0.0
13.0,250.0,0.1433607484029622,0.0021856653966484175,0.36,70.49404450530625,10.741365121211043,0.24607234886416113,2.0,2.0,0.4061315135439156,0.0031841184632332804,4.480386726462692,0.0
13.0,260.0,0.15740486371628393,0.0014044115313321726,0.37,71.96115867571463,10.713259198519392,0.24607234886416113,2.0,2.0,0.4061315135439156,0.0031841184632332804,8.68705296099401,0.0
13.0,270.0,-0.025344399830874664,-0.018274926354715858,0.29,72.97486196268018,10.678965732400169,0.04153547455781411,2.0,2.0,0.4061315135439156,0.0031841184632332804,13.136722787206503,0.0
13.0,280.0,-0.3645960417269727,-0.0339251641896098,0.0,71.06167825742864,10.63855000241524,0.04153547455781411,2.0,1.0,0.4061315135439156,0.0031841184632332804,12.921715668526986,0.0
13.0,290.0,-0.47974356627040393,-0.011514752454343125,0.0,66.43689066016326,10.59208894220372,0.04153547455781411,1.0,2.0,0.5433605829069192,0.004458988539920897,7.255918956582733,0.0
13.0,300.0,-0.3176244737131029,0.016211909255730107,0.0,62.22169426048252,10.539670993034388,0.04153547455781411,2.0,2.0,0.5174862694351612,0.004053625945382633,3.128113369062101,0.0
13.0,0.0,1.1689846314457988,0.0,0.0,0.0,9.484726090868232,0.04153547455781411,3.0,2.0,0.5433605829069192,0.004458988539920897,48.73498062608835,1.0
13.0,10.0,1.3138920977749358,0.014490746632913698,0.5700000000000001,12.308794802513791,9.598117398184467,0.04153547455781411,3.0,2.0,0.4061315135439156,0.0031841184632332804,29.90616838989869,1.0
13.0,20.0,0.9255353959278345,-0.038835670184710125,0.47000000000000003,24.161139831980684,9.70744389787058,0.04153547455781411,3.0,1.0,0.4061315135439156,0.0031841184632332804,11.488277398848476,1.0
13.0,30.0,0.2449585837256194,-0.06805768122022152,0.25,30.32304121621791,9.812497480720705,0.04153547455781411,2.0,1.0,0.4061315135439156,0.0031841184632332804,4.900908996560166,1.0
13.0,40.0,-0.14148305041295117,-0.038644163413857055,0.0,30.70217141731906,9.913078171269039,0.04153547455781411,2.0,1.0,0.4916119559634031,0.004864351134459159,5.922771655041341,1.0
13.0,50.0,-0.16474247762893057,-0.00232594272159794,0.0,28.9259890357024,10.008994508454489,0.04153547455781411,2.0,2.0,0.4916119559634031,0.004864351134459159,5.134694048427414,1.0
13.0,60.0,0.08033373976068958,0.024507621738962017,0.0,28.138399099722868,10.10006391007769,0.04153547455781411,2.0,2.0,0.5433605829069192,0.004458988539920897,6.7132088191834125,1.0
13.0,70.0,0.33936473424019553,0.025903099447950596,0.25,30.110890198233687,10.186113020356611,0.04153547455781411,2.0,3.0,0.439863329019887,0.004661669837190028,6.2929128476296965,1.0
13.0,80.0,0.31670149036326123,-0.0022663243876934304,0.25,33.50610577750397,10.266978039919127,0.04153547455781411,2.0,2.0,0.4061315135439156,0.0031841184632332804,4.372470416600077,1.0
13.0,90.0,0.17198910727823602,-0.014471238308502521,0.25,36.0481571739397,10.342505037604422,0.04153547455781411,2.0,2.0,0.4061315135439156,0.0031841184632332804,2.5679164513049533,1.0
13.0,100.0,-0.006553398376841102,-0.017854250565507712,0.25,36.923742021842564,10.412550243479732,0.04153547455781411,2.0,2.0,0.5174862694351612,0.004053625945382633,4.109856194220161,1.0
13.0,110.0,-0.11379917949153295,-0.010724578111469185,0.0,36.29725882620053,10.476980322514574,0.04153547455781411,2.0,2.0,0.4916119559634031,0.004864351134459159,4.242154281766744,1.0
13.0,120.0,0.022908810352159747,0.01367079898436927,0.0,35.73519490111444,10.535672628391527,0.04153547455781411,2.0,2.0,0.5433605829069192,0.004458988539920897,16.31254851672975,1.0
13.0,130.0,0.3497137758142088,0.032680496546204904,0.25,37.402499874532204,10.588515436970507,0.24607234886416113,2.0,3.0,0.5433605829069192,0.004458988539920897,21.525125254738448,1.0
13.0,140.0,0.6462021606654105,0.029648838485120167,0.4,42.53863901986473,10.635408158961997,0.24607234886416113,2.0,3.0,0.5433605829069192,0.004458988539920897,22.50029584717675,1.0
13.0,150.0,0.7943465899553566,0.01481444292899461,0.48,49.85579394849236,10.676261531404474,0.24607234886416113,3.0,2.0,0.5433605829069192,0.004458988539920897,17.46616794865022,1.0
13.0,160.0,0.6658329895093544,-0.012851360044600213,0.46,57.42283049472,10.710997787581544,0.24607234886416113,2.0,2.0,0.5433605829069192,0.004458988539920897,10.66274984378265,1.0
13.0,170.0,0.4962164857480289,-0.016961650376132554,0.4,63.25557999781702,10.739550805055284,0.24607234886416113,2.0,2.0,0.5433605829069192,0.004458988539920897,6.826910083863602,1.0
13.0,180.0,0.35504599579369156,-0.014117048995433734,0.36,67.56326777807473,10.761866231534103,0.24607234886416113,2.0,2.0,0.4916119559634031,0.004864351134459159,5.7940785071768754,1.0
13.0,190.0,0.3056669990400991,-0.004937899675359248,0.34,70.5643482658052,10.777901588335357,0.24607234886416113,2.0,2.0,0.4916119559634031,0.004864351134459159,6.296571297462754,1.0
13.0,200.0,0.30616238679651175,4.953877564126685e-05,0.36,73.56313707661675,10.787626351245986,0.24607234886416113,2.0,2.0,0.5433605829069192,0.004458988539920897,6.75270468760228,1.0
13.0,210.0,0.3438532739023721,0.0037690887105860326,0.39,76.88891695387176,10.791022008627078,0.24607234886416113,2.0,2.0,0.439863329019887,0.004661669837190028,6.651542320223808,1.0
13.0,220.0,0.3527709005784878,0.0008917626676115731,0.4,80.40495631179012,10.78808209665181,0.24607234886416113,2.0,2.0,0.5174862694351612,0.004053625945382633,5.8316102670332,1.0
13.0,230.0,0.2854926227256378,-0.006727827785285001,0.38,83.5563360730007,10.778812211609715,0.24607234886416113,2.0,2.0,0.5174862694351612,0.004053625945382633,4.973503691135737,1.0
13.0,240.0,0.25892921792710766,-0.002656340479853014,0.38,86.40534074550973,10.763229999253841,0.24607234886416113,2.0,2.0,0.4061315135439156,0.0031841184632332804,5.769097757617759,1.0
13.0,250.0,0.21367224097836512,-0.004525697694874253,0.37,88.72973174466283,10.741365121211043,0.24607234886416113,2.0,2.0,0.4061315135439156,0.0031841184632332804,6.8099892668449575,1.0
13.0,260.0,0.21661160407893476,0.0002939363100569636,0.37,90.81484322190792,10.713259198519392,0.24607234886416113,2.0,2.0,0.4061315135439156,0.0031841184632332804,11.152385958430681,1.0
13.0,270.0,-0.020580337662838843,-0.02371919417417736,0.3,92.26250270262969,10.678965732400169,0.04153547455781411,2.0,2.0,0.4061315135439156,0.0031841184632332804,16.326638473745945,1.0
13.0,280.0,-0.33045039919381125,-0.03098700615309724,0.25,90.55713217609845,10.63855000241524,0.04153547455781411,2.0,1.0,0.4061315135439156,0.0031841184632332804,16.36957039258077,1.0
13.0,290.0,-0.5546890381164253,-0.02242386389226141,0.0,86.10951434430996,10.59208894220372,0.04153547455781411,1.0,2.0,0.4061315135439156,0.0031841184632332804,11.918780540421805,1.0
13.0,300.0,-0.4748359349708373,0.007985310314558802,0.0,80.63180056562139,10.539670993034388,0.04153547455781411,1.0,2.0,0.4061315135439156,0.0031841184632332804,5.643343049263994,1.0
13.0,0.0,1.1294219679751478,0.0,0.0,0.0,9.484726090868232,0.04153547455781411,3.0,2.0,0.5433605829069192,0.004458988539920897,48.55076668011337,2.0
13.0,10.0,1.2960657155557342,0.016664374758058643,0.63,12.236225611335975,9.598117398184467,0.04153547455781411,3.0,2.0,0.4061315135439156,0.0031841184632332804,29.03839923901931,2.0
13.0,20.0,0.922051831542948,-0.03740138840127862,0.55,23.970356309315836,9.70744389787058,0.04153547455781411,3.0,1.0,0.4061315135439156,0.0031841184632332804,11.854597794102137,2.0
13.0,30.0,0.1487904641619231,-0.07732613673810249,0.25,29.42131150383573,9.812497480720705,0.04153547455781411,2.0,1.0,0.4061315135439156,0.0031841184632332804,7.873383203278806,2.0
13.0,40.0,-0.3626796386781095,-0.05114701028400326,0.0,28.75023793221767,9.913078171269039,0.04153547455781411,2.0,1.0,0.4061315135439156,0.0031841184632332804,8.71312309818757,2.0
13.0,50.0,-0.34666192174669064,0.0016017716931418847,0.0,28.75023793221767,10.008994508454489,0.04153547455781411,2.0,2.0,0.439863329019887,0.004661669837190028,6.6564897723360925,2.0
13.0,60.0,-0.07987432923909665,0.0266787592507594,0.0,27.121507626451848,10.10006391007769,0.04153547455781411,2.0,3.0,0.4916119559634031,0.004864351134459159,5.584919224103561,2.0
13.0,70.0,0.2127057258323255,0.029258005507142214,0.25,27.43355601043116,10.186113020356611,0.04153547455781411,2.0,3.0,0.4916119559634031,0.004864351134459159,5.720036011480214,2.0
13.0,80.0,0.27237103784947436,0.005966531201714887,0.26,30.03019081828322,10.266978039919127,0.04153547455781411,2.0,2.0,0.4061315135439156,0.0031841184632332804,3.9796182183553066,2.0
13.0,90.0,0.14063003619161307,-0.013174100165786129,0.25,32.3311424860709,10.342505037604422,0.04153547455781411,2.0,2.0,0.4061315135439156,0.0031841184632332804,2.5281046982426596,2.0
13.0,100.0,-0.021463537893797735,-0.01620935740854108,0.25,32.96906769794198,10.412550243479732,0.04153547455781411,2.0,2.0,0.5433605829069192,0.004458988539920897,4.2307718333623905,2.0
13.0,110.0,-0.13924911427737285,-0.011778557638357511,0.0,32.18684627379753,10.476980322514574,0.04153547455781411,2.0,2.0,0.4916119559634031,0.004864351134459159,8.331603141182852,2.0
13.0,120.0,-0.11456766549425268,0.0024681448783120175,0.0,30.470813486944866,10.535672628391527,0.04153547455781411,2.0,2.0,0.4916119559634031,0.004864351134459159,15.570436915477204,2.0
13.0,130.0,0.19920822500129987,0.03137758904955525,0.25,30.476329485251384,10.588515436970507,0.24607234886416113,2.0,3.0,0.5433605829069192,0.004458988539920897,22.65945981116639,2.0
13.0,140.0,0.5943445508905292,0.03951363258892293,0.41000000000000003,34.45452627939683,10.635408158961997,0.24607234886416113,2.0,3.0,0.5433605829069192,0.004458988539920897,22.22823182103993,2.0
13.0,150.0,0.7077392758672971,0.011339472497676795,0.51,41.19754143195577,10.676261531404474,0.24607234886416113,2.0,2.0,0.5433605829069192,0.004458988539920897,15.487676918990536,2.0
13.0,160.0,0.6087672901232821,-0.0098971985744015,0.5,48.14132902749235,10.710997787581544,0.24607234886416113,2.0,2.0,0.4916119559634031,0.004864351134459159,8.06493426809119,2.0
13.0,170.0,0.36333989014414314,-0.024542739997913898,0.41000000000000003,53.10488999004948,10.739550805055284,0.24607234886416113,2.0,2.0,0.4916119559634031,0.004864351134459159,5.0081583838061965,2.0
13.0,180.0,0.19676747663054073,-0.016657241351360243,0.35000000000000003,55.81059634400518,10.761866231534103,0.24607234886416113,2.0,2.0,0.4916119559634031,0.004864351134459159,4.906039744943694,2.0
13.0,190.0,0.1230317844468054,-0.007373569218373533,0.33,57.297469615151726,10.777901588335357,0.24607234886416113,2.0,2.0,0.4916119559634031,0.004864351134459159,5.985818876980279,2.0
13.0,200.0,0.15728888619681314,0.0034257101750007736,0.34,58.57889753041354,10.787626351245986,0.24607234886416113,2.0,2.0,0.4916119559634031,0.004864351134459159,6.940624858868381,2.0
13.0,210.0,0.2485981578551666,0.009130927165835346,0.39,60.55914885518959,10.791022008627078,0.24607234886416113,2.0,2.0,0.4916119559634031,0.004864351134459159,6.451580252986748,2.0
13.0,220.0,0.2642482453106716,0.0015650087455505001,0.41000000000000003,63.30558325172286,10.78808209665181,0.24607234886416113,2.0,2.0,0.4916119559634031,0.004864351134459159,4.733325317894128,2.0
13.0,230.0,0.21202691840382926,-0.005222132690684234,0.41000000000000003,65.70120071350257,10.778812211609715,0.24607234886416113,2.0,2.0,0.4916119559634031,0.004864351134459159,3.43500865855032,2.0
13.0,240.0,0.131679659983714,-0.008034725842011526,0.37,67.64564479698141,10.763229999253841,0.24607234886416113,2.0,2.0,0.5433605829069192,0.004458988539920897,3.0724288607459163,2.0
13.0,250.0,0.08128872723766989,-0.005039093274604412,0.36,68.79353975295453,10.741365121211043,0.24607234886416113,2.0,2.0,0.4061315135439156,0.0031841184632332804,3.1277170917798536,2.0
13.0,260.0,0.08268282480278799,0.0001394097565118102,0.37,69.71478720491005,10.713259198519392,0.24607234886416113,2.0,2.0,0.4061315135439156,0.0031841184632332804,9.242632628661248,2.0
13.0,270.0,-0.13612524418595484,-0.021880806898874283,0.28,69.87203170531124,10.678965732400169,0.04153547455781411,2.0,2.0,0.4061315135439156,0.0031841184632332804,12.626015642028202,2.0
13.0,280.0,-0.4555072043750954,-0.03193819601891405,0.25,66.92051299433696,10.63855000241524,0.04153547455781411,1.0,1.0,0.4061315135439156,0.0031841184632332804,17.48249501936989,2.0
13.0,290.0,-0.6232848990095867,-0.01677776946344913,0.0,61.60313891056839,10.59208894220372,0.04153547455781411,1.0,2.0,0.439863329019887,0.004661669837190028,10.37870818700895,2.0
13.0,300.0,-0.39234773643226006,0.023093716257732665,0.0,56.46987207828748,10.539670993034388,0.04153547455781411,1.0,2.0,0.4916119559634031,0.004864351134459159,4.084868156884612,2.0
14.0,0.0,2.2463855186446295,0.0,0.0,0.0,10.056206540258575,0.11783226900448095,3.0,2.0,0.5433605829069192,0.004458988539920897,156.62498355284015,0.0
14.0,10.0,2.6766399050771774,0.04302543864325479,0.75,0.0,10.146186522649355,0.11783226900448095,3.0,3.0,0.439863329019887,0.004661669837190028,108.45603737936814,0.0
14.0,20.0,2.585634975735317,-0.009100492934186022,1.0,0.0,10.2374706755723,0.11783226900448095,3.0,2.0,0.22341093401430184,0.003178858569854026,55.43402799406676,0.0
14.0,30.0,1.2945262858754276,-0.12911086898598895,0.8,6.600354855978786,10.329885234454064,0.11783226900448095,3.0,1.0,0.22341093401430184,0.003178858569854026,53.21953685498116,0.0
14.0,40.0,-0.3841589650052626,-0.16786852508806901,0.0,12.015668003798886,10.423254282929317,0.11783226900448095,1.0,1.0,0.5174862694351612,0.004053625945382633,57.094612558326666,0.0
14.0,50.0,-1.3356741778923862,-0.09515152128871236,0.0,12.015668003798886,10.517400087707546,0.11783226900448095,1.0,1.0,0.22341093401430184,0.003178858569854026,38.47514968791584,0.0
14.0,60.0,-0.9613287309527969,0.037434544693958925,0.0,12.015668003798886,10.612143436898446,0.11783226900448095,1.0,3.0,0.5433605829069192,0.004458988539920897,25.217388217764412,0.0
14.0,70.0,-0.275695628823339,0.06856331021294579,0.0,12.015668003798886,10.707303981151977,0.11783226900448095,2.0,3.0,0.5433605829069192,0.004458988539920897,33.2474017130923,0.0
14.0,80.0,0.40091221505594277,0.06766078438792818,0.25,12.765912858147193,10.802700576963584,0.11783226900448095,2.0,3.0,0.5433605829069192,0.004458988539920897,39.38259733678856,0.0
14.0,90.0,1.010164252982996,0.060925203792705315,0.59,19.798661121955007,10.89815163149115,0.11783226900448095,3.0,3.0,0.439863329019887,0.004661669837190028,32.117390803075146,0.0
14.0,100.0,1.0368789537752825,0.002671470079228655,0.68,30.5042800872931,10.99347544822729,0.11783226900448095,3.0,2.0,0.22341093401430184,0.003178858569854026,16.365853683572617,0.0
14.0,110.0,0.3247947603605361,-0.07120841934147464,0.38,38.14007301009998,11.088490572869002,0.11783226900448095,2.0,1.0,0.22341093401430184,0.003178858569854026,14.056834259366322,0.0
14.0,120.0,-0.447685722416832,-0.07724804827773682,0.0,38.46782502610708,11.183016138726227,0.11783226900448095,1.0,1.0,0.4916119559634031,0.004864351134459159,17.54885700538701,0.0
14.0,130.0,-0.5636257606523571,-0.011594003823552513,0.0,38.46782502610708,11.276872211011867,0.11783226900448095,1.0,2.0,0.4916119559634031,0.004864351134459159,21.397194925236043,0.0
14.0,140.0,0.004935944007545601,0.05685617046599027,0.0,37.762868082782745,11.369880129357906,0.11783226900448095,2.0,3.0,0.5433605829069192,0.004458988539920897,27.756888658053178,0.0
14.0,150.0,0.6781871480961144,0.06732512040885688,0.47000000000000003,40.71371987358374,11.461862847905532,0.11783226900448095,2.0,3.0,0.439863329019887,0.004661669837190028,27.52374669600874,0.0
14.0,160.0,0.9169905437822301,0.023880339568611575,0.68,49.064942407253184,11.55264527232205,0.11783226900448095,3.0,2.0,0.22341093401430184,0.003178858569854026,15.515772504851387,0.0
14.0,170.0,0.39278845967717047,-0.052420208410505965,0.47000000000000003,56.50298691918586,11.642054593102838,0.11783226900448095,2.0,1.0,0.22341093401430184,0.003178858569854026,18.701288835073974,0.0
14.0,180.0,-0.4046931469676309,-0.07974816066448014,0.0,56.6687844207852,11.7299206145241,0.11783226900448095,1.0,1.0,0.22341093401430184,0.003178858569854026,19.624642227529534,0.0
14.0,190.0,-0.7353479810217394,-0.03306548340541084,0.0,56.26409127381757,11.816076078620082,0.11783226900448095,1.0,1.0,0.4916119559634031,0.004864351134459159,18.790607954731943,0.0
14.0,200.0,-0.2273511630874978,0.05079968179342416,0.0,55.19876136640248,11.900356983568113,0.11783226900448095,2.0,3.0,0.4916119559634031,0.004864351134459159,16.902550296083106,0.0
14.0,210.0,0.4207790195374237,0.06481301826249215,0.4,55.9724788252779,11.98260289587542,0.11783226900448095,2.0,3.0,0.439863329019887,0.004661669837190028,20.05460702725224,0.0
14.0,220.0,0.7244390462833366,0.030366002674591285,0.61,61.86316873284508,12.062657255773377,0.11783226900448095,2.0,3.0,0.22341093401430184,0.003178858569854026,11.51541975499384,0.0
14.0,230.0,0.40018808245713444,-0.032425096382620214,0.51,68.30654214436198,12.140367675237915,0.11783226900448095,2.0,1.0,0.22341093401430184,0.003178858569854026,19.188457523402494,0.0
14.0,240.0,-0.29834734264593976,-0.06985354251030743,0.25,69.1561454095824,12.215586228068819,0.11783226900448095,2.0,1.0,0.5174862694351612,0.004053625945382633,20.18340856690672,0.0
14.0,250.0,-0.7387379294343539,-0.04403905867884141,0.0,67.52347125234955,12.28816973147563,0.11783226900448095,1.0,1.0,0.4916119559634031,0.004864351134459159,17.36954950578082,0.0
14.0,260.0,-0.3666589491448349,0.0372078980289519,0.0,66.1092438456706,12.35798001863424,0.11783226900448095,2.0,3.0,0.4916119559634031,0.004864351134459159,12.134484801951709,0.0
14.0,270.0,0.3023844314282158,0.06690433805730507,0.4,65.3394268118309,12.424884201695281,0.11783226900448095,2.0,3.0,0.439863329019887,0.004661669837190028,16.86060702998993,0.0
14.0,280.0,0.6534085466280679,0.03510241151998521,0.63,70.77041879331244,12.488754924743706,0.11783226900448095,2.0,3.0,0.22341093401430184,0.003178858569854026,11.884846785682651,0.0
14.0,290.0,0.3863484946919513,-0.02670600519361166,0.53,76.59933335691156,12.54947060622803,0.11783226900448095,2.0,1.0,0.22341093401430184,0.003178858569854026,24.706897400043275,0.0
14.0,300.0,-0.37409424035912764,-0.0760442735051079,0.25,77.18114627337033,12.606915670397687,0.11783226900448095,2.0,1.0,0.5174862694351612,0.004053625945382633,24.993211313904787,0.0
14.0,0.0,2.237175149680102,0.0,0.0,0.0,10.056206540258575,0.11783226900448095,3.0,2.0,0.5433605829069192,0.004458988539920897,156.57893185211648,1.0
14.0,10.0,2.67495307284878,0.043777792316867806,0.66,24.28361732291613,10.146186522649355,0.11783226900448095,3.0,3.0,0.439863329019887,0.004661669837190028,111.5865581379729,1.0
14.0,20.0,2.5597109649580503,-0.011524210789072953,0.75,51.536799636665066,10.2374706755723,0.11783226900448095,3.0,2.0,0.22341093401430184,0.003178858569854026,63.120984955812744,1.0
14.0,30.0,1.6332727947220071,-0.09264381702360432,0.61,73.16672868395112,10.329885234454064,0.11783226900448095,3.0,1.0,0.22341093401430184,0.003178858569854026,25.80571530603861,1.0
14.0,40.0,0.47083694440105717,-0.116243585032095,0.39,83.97759526436418,10.423254282929317,0.11783226900448095,2.0,1.0,0.22341093401430184,0.003178858569854026,15.219926826657309,1.0
14.0,50.0,-0.3189640742508679,-0.07898010186519251,0.25,84.73654210214828,10.517400087707546,0.11783226900448095,2.0,1.0,0.5174862694351612,0.004053625945382633,13.964245256556538,1.0
14.0,60.0,-0.5082752943852888,-0.018931122013442093,0.25,80.391513569435,10.612143436898446,0.11783226900448095,1.0,2.0,0.5433605829069192,0.004458988539920897,13.449562054758742,1.0
14.0,70.0,-0.4401475840389324,0.0068127710346356455,0.25,75.43501119439966,10.707303981151977,0.11783226900448095,1.0,2.0,0.4916119559634031,0.004864351134459159,6.644169989538144,1.0
14.0,80.0,-0.24085433387512722,0.019929325016380516,0.25,71.64740572398996,10.802700576963584,0.11783226900448095,2.0,2.0,0.439863329019887,0.004661669837190028,2.369171188449436,1.0
14.0,90.0,-0.013674125351698763,0.022718020852342848,0.25,70.22690257388393,10.89815163149115,0.11783226900448095,2.0,2.0,0.5433605829069192,0.004458988539920897,1.0788237295888417,1.0
14.0,100.0,0.002259282362047088,0.001593340771374585,0.25,70.15848923989856,10.99347544822729,0.11783226900448095,2.0,2.0,0.5174862694351612,0.004053625945382633,2.532337287228009,1.0
14.0,110.0,0.1683793575937358,0.01661200752316887,0.26,71.15541542728062,11.088490572869002,0.11783226900448095,2.0,2.0,0.5174862694351612,0.004053625945382633,4.24731691904163,1.0
14.0,120.0,0.16225281632021193,-0.0006126541273523856,0.27,72.6915168493382,11.183016138726227,0.11783226900448095,2.0,2.0,0.5174862694351612,0.004053625945382633,5.479284223341084,1.0
14.0,130.0,0.21712922278402758,0.005487640646381564,0.3,74.98349850786668,11.276872211011867,0.11783226900448095,2.0,2.0,0.5174862694351612,0.004053625945382633,6.3722474757379794,1.0
14.0,140.0,0.3101785562123105,0.009304933342828291,0.3,77.42818676746846,11.369880129357906,0.11783226900448095,2.0,2.0,0.22341093401430184,0.003178858569854026,5.904486678917497,1.0
14.0,150.0,0.19163664229047228,-0.011854191392183822,0.3,80.01342430043414,11.461862847905532,0.11783226900448095,2.0,2.0,0.22341093401430184,0.003178858569854026,4.191477696084295,1.0
14.0,160.0,0.18714250248511632,-0.00044941398053559566,0.3,81.97369394603825,11.55264527232205,0.11783226900448095,2.0,2.0,0.22341093401430184,0.003178858569854026,2.890825246096114,1.0
14.0,170.0,0.0837829760373694,-0.010335952644774693,0.29,83.38945217649868,11.642054593102838,0.11783226900448095,2.0,2.0,0.22341093401430184,0.003178858569854026,2.296092719366149,1.0
14.0,180.0,0.13242829907591513,0.004864532303854574,0.3,84.51408419473586,11.7299206145241,0.11783226900448095,2.0,2.0,0.22341093401430184,0.003178858569854026,1.5367073376864149,1.0
14.0,190.0,0.055472161260361474,-0.007695613781555366,0.28,85.2158492814493,11.816076078620082,0.11783226900448095,2.0,2.0,0.22341093401430184,0.003178858569854026,1.3464443187843198,1.0
14.0,200.0,0.08657134284789336,0.0031099181587531887,0.29,85.63687903957234,11.900356983568113,0.11783226900448095,2.0,2.0,0.22341093401430184,0.003178858569854026,1.4495174813035407,1.0
14.0,210.0,0.0040500269616039475,-0.008252131588628942,0.27,86.05648780686313,11.98260289587542,0.11783226900448095,2.0,2.0,0.22341093401430184,0.003178858569854026,1.5354032901742412,1.0
14.0,220.0,-0.0017737447401025008,-0.0005823771701706449,0.28,85.93868983780622,12.062657255773377,0.11783226900448095,2.0,2.0,0.22341093401430184,0.003178858569854026,2.175692797002393,1.0
14.0,230.0,0.055063299690239376,0.005683704443034188,0.29,86.28366211217886,12.140367675237915,0.11783226900448095,2.0,2.0,0.22341093401430184,0.003178858569854026,2.3065059788540303,1.0
14.0,240.0,0.09174334575270393,0.0036680046062464557,0.3,86.9933902918467,12.215586228068819,0.11783226900448095,2.0,2.0,0.22341093401430184,0.003178858569854026,1.6994216148441232,1.0
14.0,250.0,0.09522012390504386,0.0003476778152339932,0.3,87.78967753201482,12.28816973147563,0.11783226900448095,2.0,2.0,0.22341093401430184,0.003178858569854026,1.0584057496117663,1.0
14.0,260.0,0.03275505698650605,-0.0062465066918537815,0.28,88.21016236607947,12.35798001863424,0.11783226900448095,2.0,2.0,0.22341093401430184,0.003178858569854026,0.5286326002002248,1.0
14.0,270.0,0.026226774470728742,-0.0006528282515777306,0.29,88.29626888127702,12.424884201695281,0.11783226900448095,2.0,2.0,0.22341093401430184,0.003178858569854026,0.6652438394710047,1.0
14.0,280.0,-0.028206418619685536,-0.005443319309041428,0.28,88.40520068662936,12.488754924743706,0.11783226900448095,2.0,2.0,0.22341093401430184,0.003178858569854026,0.6625907328690699,1.0
14.0,290.0,0.006177756845978877,0.0034384175465664414,0.28,88.25944586384774,12.54947060622803,0.11783226900448095,2.0,2.0,0.22341093401430184,0.003178858569854026,0.8114994141287443,1.0
14.0,300.0,0.05480327263094864,0.0048625515784969766,0.29,88.29364334209706,12.606915670397687,0.11783226900448095,2.0,2.0,0.22341093401430184,0.003178858569854026,0.8197066058539207,1.0
14.0,0.0,2.2331003287677262,0.0,0.0,0.0,10.056206540258575,0.11783226900448095,3.0,2.0,0.5433605829069192,0.004458988539920897,156.5585578113063,2.0
14.0,10.0,2.705120844698687,0.047202051593096074,0.75,2.2331003287677262,10.146186522649355,0.11783226900448095,3.0,3.0,0.439863329019887,0.004661669837190028,108.63057785423808,2.0
14.0,20.0,2.514728634527099,-0.01903922101715878,1.0,2.2331003287677262,10.2374706755723,0.11783226900448095,3.0,2.0,0.22341093401430184,0.003178858569854026,55.0804479853791,2.0
14.0,30.0,1.2575343525821552,-0.1257194281944944,0.72,12.952581766630715,10.329885234454064,0.11783226900448095,3.0,1.0,0.22341093401430184,0.003178858569854026,43.994818326864,2.0
14.0,40.0,-0.40115339956089,-0.16586877521430451,0.0,18.410940526962047,10.423254282929317,0.11783226900448095,1.0,1.0,0.5174862694351612,0.004053625945382633,46.76537413026085,2.0
14.0,50.0,-1.220158475137577,-0.08190050755766869,0.0,18.410940526962047,10.517400087707546,0.11783226900448095,1.0,1.0,0.22341093401430184,0.003178858569854026,32.34023728851196,2.0
14.0,60.0,-0.7849623954991252,0.04351960796384517,0.0,18.410940526962047,10.612143436898446,0.11783226900448095,1.0,3.0,0.5433605829069192,0.004458988539920897,25.16671244958887,2.0
14.0,70.0,-0.14707324842266445,0.06378891470764607,0.0,18.410940526962047,10.707303981151977,0.11783226900448095,2.0,3.0,0.5433605829069192,0.004458988539920897,34.29640541710925,2.0
14.0,80.0,0.4964208807331332,0.06434941291557976,0.29,19.743063280774408,10.802700576963584,0.11783226900448095,2.0,3.0,0.5433605829069192,0.004458988539920897,37.65281447155893,2.0
14.0,90.0,1.0747678732844967,0.05783469925513636,0.58,27.685914201390982,10.89815163149115,0.11783226900448095,3.0,3.0,0.439863329019887,0.004661669837190028,30.807207604096604,2.0
14.0,100.0,1.017226725614897,-0.005754114766959972,0.64,38.55776367688945,10.99347544822729,0.11783226900448095,3.0,2.0,0.22341093401430184,0.003178858569854026,14.807168462143409,2.0
14.0,110.0,0.27532283287509074,-0.07419038927398063,0.38,45.40018638577477,11.088490572869002,0.11783226900448095,2.0,1.0,0.22341093401430184,0.003178858569854026,12.681691992902934,2.0
14.0,120.0,-0.384131652212254,-0.06594544850873447,0.0,44.91269015131245,11.183016138726227,0.11783226900448095,1.0,1.0,0.439863329019887,0.004661669837190028,16.109770125222255,2.0
14.0,130.0,-0.5816798779406191,-0.019754822572836516,0.0,44.09157459372667,11.276872211011867,0.11783226900448095,1.0,2.0,0.4916119559634031,0.004864351134459159,19.75094188234496,2.0
14.0,140.0,-0.07764487689382449,0.05040350010467946,0.25,42.20932443827898,11.369880129357906,0.11783226900448095,2.0,3.0,0.5433605829069192,0.004458988539920897,23.1582640519148,2.0
14.0,150.0,0.6119850793905712,0.06896299562843958,0.46,44.7088794035071,11.461862847905532,0.11783226900448095,2.0,3.0,0.439863329019887,0.004661669837190028,23.070295007642212,2.0
14.0,160.0,0.7850874605889828,0.01731023811984116,0.6,52.27338406861227,11.55264527232205,0.11783226900448095,3.0,2.0,0.22341093401430184,0.003178858569854026,11.41073229661425,2.0
14.0,170.0,0.3580737628277184,-0.042701369776126444,0.46,59.12126429714849,11.642054593102838,0.11783226900448095,2.0,1.0,0.22341093401430184,0.003178858569854026,14.391219095304175,2.0
14.0,180.0,-0.2955447432226386,-0.0653618506050357,0.25,59.6774498343305,11.7299206145241,0.11783226900448095,2.0,1.0,0.22341093401430184,0.003178858569854026,16.813317504902514,2.0
14.0,190.0,-0.6488942945567509,-0.03533495513341123,0.0,56.902572333297186,11.816076078620082,0.11783226900448095,1.0,1.0,0.4916119559634031,0.004864351134459159,17.66058707413092,2.0
14.0,200.0,-0.3726592372514368,0.027623505730531406,0.0,53.98469445384178,11.900356983568113,0.11783226900448095,2.0,3.0,0.4916119559634031,0.004864351134459159,18.562794833596005,2.0
14.0,210.0,0.36407201674379763,0.07367312539952345,0.38,53.91106384884845,11.98260289587542,0.11783226900448095,2.0,3.0,0.439863329019887,0.004661669837190028,16.68974993869976,2.0
14.0,220.0,0.6524776148824749,0.02884055981386773,0.56,59.344324220679,12.062657255773377,0.11783226900448095,2.0,3.0,0.22341093401430184,0.003178858569854026,9.282144367405111,2.0
14.0,230.0,0.3919982194021614,-0.026047939548031352,0.48,65.08110905479558,12.140367675237915,0.11783226900448095,2.0,1.0,0.22341093401430184,0.003178858569854026,12.507410995470881,2.0
14.0,240.0,-0.19057379142186193,-0.05825720108240233,0.25,66.49857157877057,12.215586228068819,0.11783226900448095,2.0,1.0,0.5174862694351612,0.004053625945382633,15.93717240350257,2.0
14.0,250.0,-0.6441634687044555,-0.045358967728259356,0.0,62.26203667556827,12.28816973147563,0.11783226900448095,1.0,1.0,0.4916119559634031,0.004864351134459159,17.432978842181935,2.0
14.0,260.0,-0.5314546566412979,0.011270881206315763,0.0,59.82903368663962,12.35798001863424,0.11783226900448095,1.0,2.0,0.4916119559634031,0.004864351134459159,15.742908753633776,2.0
14.0,270.0,0.03609972310909626,0.056755437975039416,0.27,57.06927524247787,12.424884201695281,0.11783226900448095,2.0,3.0,0.4916119559634031,0.004864351134459159,14.89053380526508,2.0
14.0,280.0,0.5799097730937923,0.05438100499846961,0.52,60.06675464406398,12.488754924743706,0.11783226900448095,2.0,3.0,0.22341093401430184,0.003178858569854026,14.611981823112924,2.0
14.0,290.0,0.6081102024367979,0.0028200429343005597,0.5700000000000001,66.24669511356107,12.54947060622803,0.11783226900448095,2.0,2.0,0.22341093401430184,0.003178858569854026,11.805317185812893,2.0
14.0,300.0,0.06374011172611205,-0.05443700907106859,0.37,69.78010769963652,12.606915670397687,0.11783226900448095,2.0,1.0,0.5174862694351612,0.004053625945382633,17.378872668023515,2.0
15.0,0.0,1.4778312069568287,0.0,0.0,0.0,9.950022977104844,0.07601263680669734,3.0,2.0,0.641120445866445,7.079148926994341e-05,82.47689586371442,0.0
15.0,10.0,1.6927921000359696,0.02149608930791409,0.75,15.926989897857872,10.024410615088733,0.07601263680669734,3.0,2.0,0.5174862694351612,0.004053625945382633,52.473692195098096,0.0
15.0,20.0,1.4735088916912744,-0.021928320834469515,0.92,32.530023643708134,10.100477857243177,0.07601263680669734,3.0,2.0,0.439863329019887,0.004661669837190028,29.038569269389363,0.0
15.0,30.0,0.4431691020717139,-0.10303397896195605,0.48,42.671468000855086,10.178079905249362,0.07601263680669734,2.0,1.0,0.641120445866445,7.079148926994341e-05,18.93316664817811,0.0
15.0,40.0,-0.45710719344856443,-0.09002762955202784,0.0,43.27112996456634,10.257069039198292,0.07601263680669734,1.0,1.0,0.5174862694351612,0.004053625945382633,23.114847052772916,0.0
15.0,50.0,-0.7088127012933505,-0.025170550784478607,0.0,43.27112996456634,10.337294898784052,0.07601263680669734,1.0,1.0,0.439863329019887,0.004661669837190028,14.41275429704765,0.0
15.0,60.0,-0.44498215536795627,0.026383054592539423,0.0,43.27112996456634,10.41860476952317,0.07601263680669734,1.0,3.0,0.4916119559634031,0.004864351134459159,8.952592704921633,0.0
15.0,70.0,-0.12462762821336071,0.03203545271545956,0.0,41.770057128294,10.50084387345536,0.07601263680669734,2.0,3.0,0.4916119559634031,0.004864351134459159,8.9113969209094,0.0
15.0,80.0,0.31538541966685685,0.04400130478802176,0.31,42.71438979105052,10.583855663772106,0.07601263680669734,2.0,3.0,0.5433605829069192,0.004458988539920897,8.778025546916535,0.0
15.0,90.0,0.4494257086007494,0.013404028893389253,0.44,46.83243129812466,10.667482122812466,0.07601263680669734,2.0,2.0,0.5174862694351612,0.004053625945382633,6.542781435823784,0.0
15.0,100.0,0.30067956044403843,-0.014874614815671094,0.39,50.84718095212309,10.751564062858641,0.07601263680669734,2.0,2.0,0.641120445866445,7.079148926994341e-05,4.525462675640796,0.0
15.0,110.0,0.05246880563490919,-0.024821075480912926,0.25,52.84549264026498,10.835941429158844,0.07601263680669734,2.0,2.0,0.5174862694351612,0.004053625945382633,5.570498933287715,0.0
15.0,120.0,-0.14506475500113325,-0.019753356063604243,0.25,51.933070225617485,10.920453604600624,0.07601263680669734,2.0,2.0,0.5433605829069192,0.004458988539920897,6.770552173300897,0.0
15.0,130.0,-0.186749116573246,-0.004168436157211275,0.0,49.79150011852775,11.004939715454675,0.07601263680669734,2.0,2.0,0.4916119559634031,0.004864351134459159,2.686092760103087,0.0
15.0,140.0,-0.05045597455729123,0.013629314201595476,0.0,47.93433104566179,11.089238937607114,0.07601263680669734,2.0,2.0,0.4916119559634031,0.004864351134459159,8.58405560754732,0.0
15.0,150.0,0.34106749081471577,0.0391523465372007,0.37,49.333929714189665,11.173190802697306,0.07601263680669734,2.0,3.0,0.5433605829069192,0.004458988539920897,7.686684997089405,0.0
15.0,160.0,0.4214344974055031,0.008036700659078733,0.43,53.42759616119589,11.25663550357855,0.07601263680669734,2.0,2.0,0.4916119559634031,0.004864351134459159,5.1935516728312034,0.0
15.0,170.0,0.2288086320471585,-0.01926258653583446,0.34,56.69439476742023,11.339414198520025,0.07601263680669734,2.0,2.0,0.4916119559634031,0.004864351134459159,7.394459504823217,0.0
15.0,180.0,0.007399680528788366,-0.022140895151837016,0.25,57.29718429751479,11.421369313571084,0.3268225569373091,2.0,2.0,0.4916119559634031,0.004864351134459159,16.32087464465791,0.0
15.0,190.0,0.3210447310076603,0.031364505047887195,0.37,58.63738594783989,11.502344842512201,0.3268225569373091,2.0,3.0,0.5433605829069192,0.004458988539920897,21.850954249307296,0.0
15.0,200.0,0.5987477031006598,0.027770297209299955,0.5700000000000001,63.4168952083336,11.582186643821686,0.3268225569373091,2.0,3.0,0.5174862694351612,0.004053625945382633,19.89973671762402,0.0
15.0,210.0,0.6733141880470903,0.007456648494643048,0.65,70.30475554593086,11.660742734092828,0.3268225569373091,2.0,2.0,0.641120445866445,7.079148926994341e-05,9.849641343315016,0.0
15.0,220.0,0.37647144348777317,-0.029684274455931713,0.54,76.58306629840078,11.737863577342978,0.07601263680669734,2.0,1.0,0.641120445866445,7.079148926994341e-05,10.451230570650523,0.0
15.0,230.0,-0.2628217191466078,-0.06392931626343809,0.25,77.32937873168962,11.813402369663727,0.07601263680669734,2.0,1.0,0.641120445866445,7.079148926994341e-05,19.440710666516633,0.0
15.0,240.0,-0.6981909375269559,-0.043536921838034814,0.0,74.20457529056694,11.887215318670563,0.07601263680669734,1.0,1.0,0.439863329019887,0.004661669837190028,15.152450090253526,0.0
15.0,250.0,-0.5076341296453073,0.019055680788164865,0.0,73.63169750639118,11.959161917219795,0.07601263680669734,1.0,2.0,0.4916119559634031,0.004864351134459159,5.3102048583341555,0.0
15.0,260.0,-0.14825273883886325,0.0359381390806444,0.25,70.17580839842495,12.029105210871897,0.07601263680669734,2.0,3.0,0.4916119559634031,0.004864351134459159,3.9491801286889077,0.0
15.0,270.0,0.16104255566635572,0.0309295294505219,0.34,70.22721393307194,12.096912058592096,0.07601263680669734,2.0,3.0,0.5174862694351612,0.004053625945382633,5.182275112211341,0.0
15.0,280.0,0.1815100546681947,0.0020467499001838975,0.37,71.98265461878023,12.16245338619187,0.07601263680669734,2.0,2.0,0.5174862694351612,0.004053625945382633,5.419073285190653,0.0
15.0,290.0,0.08550459331895155,-0.009600546134924315,0.35000000000000003,73.46707128281749,12.225604432028994,0.07601263680669734,2.0,2.0,0.641120445866445,7.079148926994341e-05,5.584147208636141,0.0
15.0,300.0,-0.19942667625396737,-0.028493126957291892,0.25,73.24278628988455,12.28624498449846,0.07601263680669734,2.0,1.0,0.641120445866445,7.079148926994341e-05,7.467302015063201,0.0
15.0,0.0,1.4748893353496726,0.0,0.0,0.0,9.950022977104844,0.07601263680669734,3.0,2.0,0.641120445866445,7.079148926994341e-05,82.46218657471823,1.0
15.0,10.0,1.7192489540032838,0.024435961865361122,0.75,7.508417354814057,10.024410615088733,0.07601263680669734,3.0,2.0,0.5174862694351612,0.004053625945382633,52.430388593763986,1.0
15.0,20.0,1.4337960654648931,-0.028545288853839067,0.98,9.042360121556662,10.100477857243177,0.07601263680669734,3.0,1.0,0.641120445866445,7.079148926994341e-05,30.360806398998413,1.0
15.0,30.0,0.4074395220789455,-0.10263565433859476,0.48,19.11743393718441,10.178079905249362,0.07601263680669734,2.0,1.0,0.641120445866445,7.079148926994341e-05,21.90220391261481,1.0
15.0,40.0,-0.5248482138718309,-0.09322877359507764,0.0,20.05954794458194,10.257069039198292,0.07601263680669734,1.0,1.0,0.5174862694351612,0.004053625945382633,18.24434842138766,1.0
15.0,50.0,-0.6534722554070385,-0.012862404153520756,0.0,20.05954794458194,10.337294898784052,0.07601263680669734,1.0,2.0,0.439863329019887,0.004661669837190028,12.223485385543675,1.0
15.0,60.0,-0.36000284684825345,0.029346940855878502,0.0,20.05954794458194,10.41860476952317,0.07601263680669734,2.0,3.0,0.5433605829069192,0.004458988539920897,11.825497086810683,1.0
15.0,70.0,0.08667645940628788,0.044667930625454134,0.0,20.05954794458194,10.50084387345536,0.07601263680669734,2.0,3.0,0.5433605829069192,0.004458988539920897,13.652959038625513,1.0
15.0,80.0,0.45439076581057947,0.03677143064042916,0.27,22.39269607757489,10.583855663772106,0.07601263680669734,2.0,3.0,0.5433605829069192,0.004458988539920897,18.620752887832495,1.0
15.0,90.0,0.7108928535483408,0.025650208773776127,0.48,28.388794185633518,10.667482122812466,0.07601263680669734,2.0,3.0,0.5174862694351612,0.004053625945382633,13.069184015487412,1.0
15.0,100.0,0.5183364788731204,-0.019255637467522034,0.36,34.78403999504856,10.751564062858641,0.07601263680669734,2.0,2.0,0.439863329019887,0.004661669837190028,6.083254132975765,1.0
15.0,110.0,0.277096545947515,-0.02412399329256054,0.25,39.14615074595345,10.835941429158844,0.07601263680669734,2.0,2.0,0.5174862694351612,0.004053625945382633,2.4823147736351823,1.0
15.0,120.0,0.08367211660710083,-0.019342442934041415,0.0,41.21585071309087,10.920453604600624,0.07601263680669734,2.0,2.0,0.4916119559634031,0.004864351134459159,4.401128190601354,1.0
15.0,130.0,0.1568562174913133,0.007318410088421245,0.0,42.20289239903397,11.004939715454675,0.07601263680669734,2.0,2.0,0.5433605829069192,0.004458988539920897,11.109407029705144,1.0
15.0,140.0,0.4673163259780502,0.03104601084867369,0.27,45.17514978528344,11.089238937607114,0.07601263680669734,2.0,3.0,0.5433605829069192,0.004458988539920897,13.045824819162478,1.0
15.0,150.0,0.6194089095576771,0.015209258357962696,0.4,50.88357976675965,11.173190802697306,0.07601263680669734,2.0,2.0,0.5174862694351612,0.004053625945382633,10.122183245057187,1.0
15.0,160.0,0.44900152705934104,-0.01704073824983361,0.33,56.57078757570646,11.25663550357855,0.07601263680669734,2.0,2.0,0.4916119559634031,0.004864351134459159,5.497880785879636,1.0
15.0,170.0,0.22960684381150998,-0.021939468324783107,0.25,60.05596941389406,11.339414198520025,0.07601263680669734,2.0,2.0,0.4916119559634031,0.004864351134459159,12.045403910163374,1.0
15.0,180.0,0.20380772828500682,-0.002579911552650316,0.25,62.10580911418187,11.421369313571084,0.3268225569373091,2.0,2.0,0.5433605829069192,0.004458988539920897,30.92886460079251,1.0
15.0,190.0,0.708549024518355,0.05047412962333482,0.42,66.36768536938517,11.502344842512201,0.3268225569373091,2.0,3.0,0.5433605829069192,0.004458988539920897,43.65154052521412,1.0
15.0,200.0,1.1217267741566594,0.04131777496383045,0.7000000000000001,75.44649988486779,11.582186643821686,0.3268225569373091,3.0,3.0,0.641120445866445,7.079148926994341e-05,37.3861555849614,1.0
15.0,210.0,1.090735859759004,-0.0030990914397655443,0.71,86.6269968896879,11.660742734092828,0.3268225569373091,3.0,2.0,0.641120445866445,7.079148926994341e-05,20.20798915672961,1.0
15.0,220.0,0.5967964246425019,-0.049393943511650204,0.47000000000000003,96.10130174469947,11.737863577342978,0.07601263680669734,2.0,1.0,0.641120445866445,7.079148926994341e-05,7.807997840910775,1.0
15.0,230.0,-0.16780991145969537,-0.07646063361021974,0.0,98.64866264217933,11.813402369663727,0.07601263680669734,2.0,1.0,0.641120445866445,7.079148926994341e-05,8.600119780554783,1.0
15.0,240.0,-0.32943443908560965,-0.01616245276259143,0.0,98.64866264217933,11.887215318670563,0.07601263680669734,2.0,2.0,0.5174862694351612,0.004053625945382633,4.496081354542124,1.0
15.0,250.0,-0.020750588037536488,0.030868385104807317,0.0,98.64866264217933,11.959161917219795,0.07601263680669734,2.0,3.0,0.5174862694351612,0.004053625945382633,6.3271439712396385,1.0
15.0,260.0,0.3586739049129477,0.03794244929504842,0.25,100.16509690411986,12.029105210871897,0.07601263680669734,2.0,3.0,0.5174862694351612,0.004053625945382633,15.517955633513928,1.0
15.0,270.0,0.6925164594083029,0.033384255449535515,0.42,105.36172128714952,12.096912058592096,0.07601263680669734,2.0,3.0,0.641120445866445,7.079148926994341e-05,16.67445148540915,1.0
15.0,280.0,0.5885824398423374,-0.010393401956596549,0.37,111.78996950857155,12.16245338619187,0.07601263680669734,2.0,2.0,0.641120445866445,7.079148926994341e-05,9.298841525892257,1.0
15.0,290.0,0.3443269015841999,-0.02442555382581375,0.25,116.54595458898157,12.225604432028994,0.07601263680669734,2.0,2.0,0.641120445866445,7.079148926994341e-05,7.602054435044095,1.0
15.0,300.0,0.21446102456542349,-0.012986587701877638,0.0,119.09172573705126,12.28624498449846,0.07601263680669734,2.0,2.0,0.5174862694351612,0.004053625945382633,6.812477043898009,1.0
15.0,0.0,1.491173811136111,0.0,0.0,0.0,9.950022977104844,0.07601263680669734,3.0,2.0,0.641120445866445,7.079148926994341e-05,82.54360857148748,2.0
15.0,10.0,1.7219243378454259,0.023075052670931483,0.75,15.947825152763684,10.024410615088733,0.07601263680669734,3.0,2.0,0.5174862694351612,0.004053625945382633,52.61421994682587,2.0
15.0,20.0,1.433938080028046,-0.028798625781737995,0.79,32.5353748387402,10.100477857243177,0.07601263680669734,3.0,1.0,0.641120445866445,7.079148926994341e-05,26.497112399411115,2.0
15.0,30.0,0.5472799341886265,-0.08866581458394193,0.48,42.88622715103217,10.178079905249362,0.07601263680669734,2.0,1.0,0.641120445866445,7.079148926994341e-05,11.079144805621397,2.0
15.0,40.0,-0.3092280775685978,-0.08565080117572244,0.0,44.214691651152854,10.257069039198292,0.07601263680669734,2.0,1.0,0.641120445866445,7.079148926994341e-05,14.931790522801487,2.0
15.0,50.0,-0.5233110981593931,-0.02140830205907953,0.0,42.72792777378153,10.337294898784052,0.07601263680669734,1.0,2.0,0.439863329019887,0.004661669837190028,10.929448064943857,2.0
15.0,60.0,-0.3101736779592663,0.021313742020012683,0.0,41.187506620467204,10.41860476952317,0.07601263680669734,2.0,2.0,0.4916119559634031,0.004864351134459159,8.22842756796183,2.0
15.0,70.0,-0.007889967918465857,0.030228371004080046,0.25,39.35308674190172,10.50084387345536,0.07601263680669734,2.0,3.0,0.4916119559634031,0.004864351134459159,8.34812854699265,2.0
15.0,80.0,0.33915396728305325,0.03470439352015191,0.32,40.84466057916384,10.583855663772106,0.07601263680669734,2.0,3.0,0.5433605829069192,0.004458988539920897,7.140780328186179,2.0
15.0,90.0,0.3937038136213893,0.005454984633833604,0.38,44.39192793462125,10.667482122812466,0.07601263680669734,2.0,2.0,0.5174862694351612,0.004053625945382633,4.885297224096421,2.0
15.0,100.0,0.20216281170007377,-0.01915410019213155,0.32,47.7816869356438,10.751564062858641,0.07601263680669734,2.0,2.0,0.5174862694351612,0.004053625945382633,3.9293122827256095,2.0
15.0,110.0,-0.03827563836251713,-0.02404384500625909,0.25,48.83407877908918,10.835941429158844,0.07601263680669734,2.0,2.0,0.5174862694351612,0.004053625945382633,4.185650385308653,2.0
15.0,120.0,-0.1891798879474358,-0.015090424958491866,0.25,47.84968694429875,10.920453604600624,0.07601263680669734,2.0,2.0,0.5433605829069192,0.004458988539920897,4.263851680026483,2.0
15.0,130.0,-0.20531584342757014,-0.0016135955480134356,0.0,46.07642202164689,11.004939715454675,0.07601263680669734,2.0,2.0,0.4916119559634031,0.004864351134459159,3.9795292895156718,2.0
15.0,140.0,-0.16260717217721776,0.0042708671250352385,0.25,44.11809972277733,11.089238937607114,0.07601263680669734,2.0,2.0,0.439863329019887,0.004661669837190028,1.876746046673285,2.0
15.0,150.0,0.007287973785608415,0.016989514596282618,0.25,43.297651336176756,11.173190802697306,0.07601263680669734,2.0,2.0,0.5174862694351612,0.004053625945382633,1.8889600427248097,2.0
15.0,160.0,0.059930764782109236,0.005264279099650082,0.25,43.65921685501494,11.25663550357855,0.07601263680669734,2.0,2.0,0.4916119559634031,0.004864351134459159,5.796567647863037,2.0
15.0,170.0,0.03581273992391942,-0.002411802485818981,0.25,44.472458260409994,11.339414198520025,0.07601263680669734,2.0,2.0,0.4916119559634031,0.004864351134459159,15.934706767948759,2.0
15.0,180.0,0.07202440409802335,0.003621166417410393,0.26,44.94996829812419,11.421369313571084,0.3268225569373091,2.0,2.0,0.5433605829069192,0.004458988539920897,28.15953188949471,2.0
15.0,190.0,0.567343568943901,0.04953191648458777,0.46,48.05571003485883,11.502344842512201,0.3268225569373091,2.0,3.0,0.5433605829069192,0.004458988539920897,31.088132995425646,2.0
15.0,200.0,0.8709853000293002,0.030364173108539914,0.65,55.23575270664327,11.582186643821686,0.3268225569373091,3.0,3.0,0.5174862694351612,0.004053625945382633,25.43885989027456,2.0
15.0,210.0,0.7987375166033175,-0.00722477834259827,0.64,63.76369067600967,11.660742734092828,0.3268225569373091,3.0,2.0,0.641120445866445,7.079148926994341e-05,11.96997264793577,2.0
15.0,220.0,0.34521753260411714,-0.04535199839992003,0.51,70.31291582932288,11.737863577342978,0.07601263680669734,2.0,1.0,0.641120445866445,7.079148926994341e-05,8.668504611174498,2.0
15.0,230.0,-0.2956576858950939,-0.0640875218499211,0.25,70.866878205735,11.813402369663727,0.07601263680669734,2.0,1.0,0.641120445866445,7.079148926994341e-05,16.495924757713222,2.0
15.0,240.0,-0.6565836845581821,-0.03609259986630882,0.0,65.98634047021196,11.887215318670563,0.07601263680669734,1.0,1.0,0.439863329019887,0.004661669837190028,14.510089813997654,2.0
15.0,250.0,-0.49778224614316713,0.015880143841501493,0.0,60.55680360127009,11.959161917219795,0.07601263680669734,1.0,2.0,0.4916119559634031,0.004864351134459159,7.406396460901726,2.0
15.0,260.0,-0.10735018258730733,0.03904320635558598,0.25,57.236112911420555,12.029105210871897,0.07601263680669734,2.0,3.0,0.4916119559634031,0.004864351134459159,4.161576891090226,2.0
15.0,270.0,0.1622513443950666,0.026960152698237393,0.35000000000000003,57.52616267978016,12.096912058592096,0.07601263680669734,2.0,3.0,0.5174862694351612,0.004053625945382633,4.173581430325785,2.0
15.0,280.0,0.19318386715706737,0.0030932522762000757,0.36,59.73234513231138,12.16245338619187,0.07601263680669734,2.0,2.0,0.5174862694351612,0.004053625945382633,3.622825778303209,2.0
15.0,290.0,0.0023721868864683415,-0.019081168027059902,0.3,60.923967819231066,12.225604432028994,0.07601263680669734,2.0,2.0,0.5174862694351612,0.004053625945382633,4.6589179777543706,2.0
15.0,300.0,-0.08738530926509469,-0.008975749615156303,0.25,60.43871069349597,12.28624498449846,0.07601263680669734,2.0,2.0,0.5174862694351612,0.004053625945382633,6.933985596554638,2.0
16.0,0.0,-3.8932020844540354,0.0,0.0,0.0,6.49413491415967,0.18333961763823597,0.0,2.0,0.5174862694351612,0.004053625945382633,170.60989195953408,0.0
16.0,10.0,-3.2734584086415417,0.06197436758124937,0.0,0.0,6.496550800309645,0.18333961763823597,0.0,3.0,0.5174862694351612,0.004053625945382633,85.45222392167153,0.0
16.0,20.0,-1.527264058452019,0.17461943501895227,0.0,0.0,7.582408471186298,0.18333961763823597,1.0,3.0,0.19679980317288845,0.002955545302406175,33.52070002377577,0.0
16.0,30.0,-0.8583583236836532,0.06689057347683658,0.0,0.0,7.584647673570455,0.18333961763823597,1.0,3.0,0.4916119559634031,0.004864351134459159,20.411692393086273,0.0
16.0,40.0,-0.1892136040605905,0.06691447196230627,0.0,0.0,7.586792054205802,0.18333961763823597,2.0,3.0,0.5433605829069192,0.004458988539920897,30.669755068069705,0.0
16.0,50.0,0.36379766133156366,0.055301126539215414,0.25,0.9464354759988041,7.588837531141927,0.18333961763823597,2.0,3.0,0.5433605829069192,0.004458988539920897,39.39088533494072,0.0
16.0,60.0,0.898522326537865,0.05347246652063013,0.48,7.233416649997444,7.590780210697218,0.18333961763823597,3.0,3.0,0.5433605829069192,0.004458988539920897,31.81813734509376,0.0
16.0,70.0,0.9735969907019992,0.007507466416413422,0.58,17.055613879987575,7.592616394870731,0.18333961763823597,3.0,2.0,0.19679980317288845,0.002955545302406175,15.264827843165468,0.0
16.0,80.0,0.5172436468507762,-0.04563533438512231,0.4,25.010022260246966,7.594342588381529,0.18333961763823597,2.0,1.0,0.19679980317288845,0.002955545302406175,6.530015381617872,0.0
16.0,90.0,-0.06744795005951332,-0.05846915969102895,0.0,27.52843407549621,7.595955505322156,0.18333961763823597,2.0,1.0,0.19679980317288845,0.002955545302406175,9.225319495622141,0.0
16.0,100.0,-0.35545152730388807,-0.028800357724437474,0.0,26.79211076219286,7.597452075413539,0.18333961763823597,2.0,1.0,0.4916119559634031,0.004864351134459159,16.118222937796137,0.0
16.0,110.0,-0.06960907149132467,0.02858424558125634,0.0,26.13004183066953,7.598829449849454,0.18333961763823597,2.0,3.0,0.5433605829069192,0.004458988539920897,24.24745122607195,0.0
16.0,120.0,0.4628962008681512,0.05325052723594759,0.33,28.053853865089607,7.600085006719372,0.18333961763823597,2.0,3.0,0.5433605829069192,0.004458988539920897,23.69786658379716,0.0
16.0,130.0,0.7970365965384723,0.03341403956703211,0.55,34.68321230098071,7.601216355999437,0.18333961763823597,3.0,3.0,0.439863329019887,0.004661669837190028,17.48636598316796,0.0
16.0,140.0,0.5939028980781167,-0.020313369846035555,0.5,42.210664094953046,7.602221344101984,0.18333961763823597,2.0,2.0,0.19679980317288845,0.002955545302406175,9.273229139676594,0.0
16.0,150.0,0.042832138459992564,-0.05510707596181241,0.25,45.847943425962185,7.60309805797505,0.18333961763823597,2.0,1.0,0.19679980317288845,0.002955545302406175,9.614743372720937,0.0
16.0,160.0,-0.35834811504467723,-0.040118025350466976,0.0,44.42642478436542,7.6038448287439415,0.18333961763823597,2.0,1.0,0.439863329019887,0.004661669837190028,12.771603913103373,0.0
16.0,170.0,-0.32028661370102895,0.0038061501343648273,0.0,44.42642478436542,7.604460234888055,0.18333961763823597,2.0,2.0,0.4916119559634031,0.004864351134459159,14.821820761875914,0.0
16.0,180.0,0.1949518773741481,0.05152384910751771,0.25,43.290637347481564,7.604943104946823,0.18333961763823597,2.0,3.0,0.5433605829069192,0.004458988539920897,18.678390795556354,0.0
16.0,190.0,0.6472788145905568,0.04523269372164087,0.52,47.41093170112267,7.605292519749643,0.18333961763823597,2.0,3.0,0.439863329019887,0.004661669837190028,17.451718141350977,0.0
16.0,200.0,0.6050344302702477,-0.004224438432030908,0.56,54.37370796210113,7.605507814165577,0.18333961763823597,2.0,2.0,0.19679980317288845,0.002955545302406175,10.601929481472999,0.0
16.0,210.0,0.14492516292095914,-0.04601092673492886,0.35000000000000003,58.68740624266411,7.605588578369467,0.18333961763823597,2.0,1.0,0.19679980317288845,0.002955545302406175,13.770165783175482,0.0
16.0,220.0,-0.3600509119776376,-0.050497607489859674,0.0,57.720019906197564,7.605534658622062,0.18333961763823597,2.0,1.0,0.4916119559634031,0.004864351134459159,13.90855784429477,0.0
16.0,230.0,-0.528402529803266,-0.016835161782562835,0.0,56.987885527077054,7.605346157562664,0.18333961763823597,1.0,2.0,0.4916119559634031,0.004864351134459159,12.771264837493623,0.0
16.0,240.0,-0.14432614110541664,0.03840763886978493,0.25,55.10567426447754,7.605023434013756,0.18333961763823597,2.0,3.0,0.4916119559634031,0.004864351134459159,12.851590157660176,0.0
16.0,250.0,0.35989897919539615,0.05042251203008128,0.41000000000000003,56.09719808118815,7.604567102297956,0.18333961763823597,2.0,3.0,0.439863329019887,0.004661669837190028,13.540583075711767,0.0
16.0,260.0,0.5917516991832983,0.023185271998790214,0.55,61.21003743970534,7.603978031068618,0.18333961763823597,2.0,2.0,0.19679980317288845,0.002955545302406175,7.868006614495225,0.0
16.0,270.0,0.2939912142033485,-0.029776048497994978,0.44,66.02800707460844,7.60325734165631,0.18333961763823597,2.0,1.0,0.19679980317288845,0.002955545302406175,13.171306401714936,0.0
16.0,280.0,-0.20906834673107966,-0.050305956093442815,0.25,66.49338869214412,7.6024064059342855,0.18333961763823597,2.0,1.0,0.5174862694351612,0.004053625945382633,14.227874718075777,0.0
16.0,290.0,-0.5517720003978397,-0.034270365366676006,0.0,63.72099277316856,7.601426843707063,0.18333961763823597,1.0,1.0,0.439863329019887,0.004661669837190028,13.04583815033931,0.0
16.0,300.0,-0.3617377590631179,0.01900342413347218,0.0,62.39372009348948,7.600320519627012,0.18333961763823597,2.0,2.0,0.439863329019887,0.004661669837190028,9.595231175925404,0.0
16.0,0.0,-3.8762084345766255,0.0,0.0,0.0,6.49413491415967,0.18333961763823597,0.0,2.0,0.5174862694351612,0.004053625945382633,170.51642719539052,1.0
16.0,10.0,-3.259200374778789,0.06170080597978363,0.0,0.0,6.496550800309645,0.18333961763823597,0.0,3.0,0.5174862694351612,0.004053625945382633,85.37380646655032,1.0
16.0,20.0,-1.5059122188530445,0.17532881559257446,0.0,0.0,7.582408471186298,0.18333961763823597,1.0,4.0,0.19679980317288845,0.002955545302406175,33.4034197483762,1.0
16.0,30.0,-0.8677441785527975,0.0638168040300247,0.0,0.0,7.584647673570455,0.18333961763823597,1.0,3.0,0.4916119559634031,0.004864351134459159,20.459385966092515,1.0
16.0,40.0,-0.229013814055385,0.06387303644974125,0.0,0.0,7.586792054205802,0.18333961763823597,2.0,3.0,0.5433605829069192,0.004458988539920897,30.7152690070396,1.0
16.0,50.0,0.3733210372735414,0.06023348513289264,0.0,1.1578274440751386,7.588837531141927,0.18333961763823597,2.0,3.0,0.5433605829069192,0.004458988539920897,43.40227094568549,1.0
16.0,60.0,0.9306492833765496,0.055732824610300824,0.25,7.426754676591585,7.590780210697218,0.18333961763823597,3.0,3.0,0.5433605829069192,0.004458988539920897,56.357881376139204,1.0
16.0,70.0,1.3040440231798485,0.037339473980329885,0.31,18.736777704088734,7.592616394870731,0.18333961763823597,3.0,3.0,0.5433605829069192,0.004458988539920897,55.32540999789641,1.0
16.0,80.0,1.376269081375007,0.0072225058195158455,0.36,32.165575087984465,7.594342588381529,0.18333961763823597,3.0,2.0,0.439863329019887,0.004661669837190028,44.96776655367181,1.0
16.0,90.0,1.1962411632959373,-0.01800279180790696,0.37,45.239252521582245,7.595955505322156,0.18333961763823597,3.0,2.0,0.439863329019887,0.004661669837190028,31.50549509502813,1.0
16.0,100.0,0.9369774882052724,-0.025926367509066496,0.35000000000000003,56.084715995478454,7.597452075413539,0.18333961763823597,3.0,1.0,0.439863329019887,0.004661669837190028,19.55278258568486,1.0
16.0,110.0,0.6190813430967204,-0.0317896145108552,0.32,64.12293364969238,7.598829449849454,0.18333961763823597,2.0,1.0,0.19679980317288845,0.002955545302406175,10.649166871293588,1.0
16.0,120.0,0.3896402940165302,-0.022944104908019014,0.29,69.26222246936733,7.600085006719372,0.18333961763823597,2.0,2.0,0.19679980317288845,0.002955545302406175,6.770063934416647,1.0
16.0,130.0,0.24400314646331722,-0.0145637147553213,0.27,72.84620306113153,7.601216355999437,0.18333961763823597,2.0,2.0,0.19679980317288845,0.002955545302406175,4.776034734527371,1.0
16.0,140.0,0.13704005551566567,-0.010696309094765155,0.25,74.8326777085764,7.602221344101984,0.18333961763823597,2.0,2.0,0.5174862694351612,0.004053625945382633,3.8454419071650596,1.0
16.0,150.0,0.11642087934292888,-0.0020619176172736787,0.25,75.865740490038,7.60309805797505,0.18333961763823597,2.0,2.0,0.5174862694351612,0.004053625945382633,3.865256812718056,1.0
16.0,160.0,0.16851186970385967,0.005209099036093079,0.26,77.04519080498908,7.6038448287439415,0.18333961763823597,2.0,2.0,0.5174862694351612,0.004053625945382633,4.399247040701422,1.0
16.0,170.0,0.14413261047368664,-0.0024379259230173033,0.26,78.54776505720444,7.604460234888055,0.18333961763823597,2.0,2.0,0.5174862694351612,0.004053625945382633,4.706382421579303,1.0
16.0,180.0,0.15774318762186113,0.0013610577148174484,0.27,80.00619081171646,7.604943104946823,0.18333961763823597,2.0,2.0,0.19679980317288845,0.002955545302406175,4.4292371638200105,1.0
16.0,190.0,0.12737494787484493,-0.003036823974701619,0.27,81.69283598135533,7.605292519749643,0.18333961763823597,2.0,2.0,0.19679980317288845,0.002955545302406175,3.7010906968738144,1.0
16.0,200.0,0.102074543056478,-0.002530040481836693,0.27,83.01302542824168,7.605507814165577,0.18333961763823597,2.0,2.0,0.19679980317288845,0.002955545302406175,2.975913354595138,1.0
16.0,210.0,0.09020305651197091,-0.0011871486544507092,0.26,83.97614817880151,7.605588578369467,0.18333961763823597,2.0,2.0,0.19679980317288845,0.002955545302406175,2.5566724962327583,1.0
16.0,220.0,0.13221305302397823,0.004200999651200732,0.27,84.87839328427957,7.605534658622062,0.18333961763823597,2.0,2.0,0.19679980317288845,0.002955545302406175,2.2839586015874773,1.0
16.0,230.0,0.050897038747653056,-0.008131601427632518,0.26,85.74754341148274,7.605346157562664,0.18333961763823597,2.0,2.0,0.19679980317288845,0.002955545302406175,1.6520786037082396,1.0
16.0,240.0,0.04643406389013194,-0.00044629748575211183,0.27,86.3943379621077,7.605023434013756,0.18333961763823597,2.0,2.0,0.19679980317288845,0.002955545302406175,1.3038070022314554,1.0
16.0,250.0,0.0235238112347389,-0.0022910252655393036,0.26,86.8118972913086,7.604567102297956,0.18333961763823597,2.0,2.0,0.19679980317288845,0.002955545302406175,1.2581429684502738,1.0
16.0,260.0,0.05826059800050132,0.0034736786765762417,0.27,87.01628663068766,7.603978031068618,0.18333961763823597,2.0,2.0,0.19679980317288845,0.002955545302406175,1.2379376775302602,1.0
16.0,270.0,0.0427914210777125,-0.0015469176922788819,0.27,87.36980878162396,7.60325734165631,0.18333961763823597,2.0,2.0,0.19679980317288845,0.002955545302406175,1.1584275592626012,1.0
16.0,280.0,0.010904453403711045,-0.0031886967674001456,0.26,87.88327168273969,7.6024064059342855,0.18333961763823597,2.0,2.0,0.19679980317288845,0.002955545302406175,0.9097321204499798,1.0
16.0,290.0,0.03181075289741386,0.0020906299493702817,0.27,88.16322723855082,7.601426843707063,0.18333961763823597,2.0,2.0,0.19679980317288845,0.002955545302406175,0.7443879504463384,1.0
16.0,300.0,0.03448227089628375,0.00026715179988698876,0.27,88.49872101176717,7.600320519627012,0.18333961763823597,2.0,2.0,0.19679980317288845,0.002955545302406175,0.514705219850272,1.0
16.0,0.0,-3.880046562600338,0.0,0.0,0.0,6.49413491415967,0.18333961763823597,0.0,2.0,0.5174862694351612,0.004053625945382633,170.53753682946433,2.0
16.0,10.0,-3.3062384465137065,0.05738081160866315,0.0,0.0,6.496550800309645,0.18333961763823597,0.0,3.0,0.5174862694351612,0.004053625945382633,85.6325101500151,2.0
16.0,20.0,-1.5147561006335977,0.17914823458801088,0.0,0.0,7.582408471186298,0.18333961763823597,1.0,4.0,0.19679980317288845,0.002955545302406175,33.451996962813304,2.0
16.0,30.0,-0.8133306334230213,0.07014254672105764,0.0,0.0,7.584647673570455,0.18333961763823597,1.0,3.0,0.4916119559634031,0.004864351134459159,20.18288729619459,2.0
16.0,40.0,-0.22183633247266954,0.05914943009503517,0.0,0.0,7.586792054205802,0.18333961763823597,2.0,3.0,0.5433605829069192,0.004458988539920897,30.707061124248096,2.0
16.0,50.0,0.3509789309185649,0.057281526339123444,0.25,1.0679063619309446,7.588837531141927,0.18333961763823597,2.0,3.0,0.5433605829069192,0.004458988539920897,41.384301617512634,2.0
16.0,60.0,0.9004792404074706,0.054950030948890574,0.42,7.336142755156871,7.590780210697218,0.18333961763823597,3.0,3.0,0.5433605829069192,0.004458988539920897,36.28301063108504,2.0
16.0,70.0,1.0944335334786217,0.01939542930711511,0.56,17.596907736493307,7.592616394870731,0.18333961763823597,3.0,2.0,0.439863329019887,0.004661669837190028,22.728267515869355,2.0
16.0,80.0,0.7405626024693106,-0.03538709310093111,0.48,27.236176819158544,7.594342588381529,0.18333961763823597,2.0,1.0,0.19679980317288845,0.002955545302406175,7.7080169373022365,2.0
16.0,90.0,0.12326266627260196,-0.06172999361967087,0.25,32.02194775537452,7.595955505322156,0.18333961763823597,2.0,1.0,0.19679980317288845,0.002955545302406175,7.4604594391635155,2.0
16.0,100.0,-0.2832202141770388,-0.04064828804496408,0.0,31.07181334854691,7.597452075413539,0.18333961763823597,2.0,1.0,0.439863329019887,0.004661669837190028,12.626526747575824,2.0
16.0,110.0,-0.25967643551454955,0.0023543778662489245,0.0,29.63565747604583,7.598829449849454,0.18333961763823597,2.0,2.0,0.5433605829069192,0.004458988539920897,19.98031158286918,2.0
16.0,120.0,0.22714908323859007,0.048682551875313965,0.25,29.04649376280161,7.600085006719372,0.18333961763823597,2.0,3.0,0.5433605829069192,0.004458988539920897,23.089882441046846,2.0
16.0,130.0,0.6822216308902043,0.04550725476516142,0.45,33.453955581907564,7.601216355999437,0.18333961763823597,2.0,3.0,0.439863329019887,0.004661669837190028,20.504636560349006,2.0
16.0,140.0,0.7389663443812751,0.0056744713491070796,0.53,40.8973748344166,7.602221344101984,0.18333961763823597,2.0,2.0,0.19679980317288845,0.002955545302406175,9.04056670394148,2.0
16.0,150.0,0.34497856258954585,-0.03939877817917292,0.4,46.74093792782726,7.60309805797505,0.18333961763823597,2.0,1.0,0.19679980317288845,0.002955545302406175,7.735094775882349,2.0
16.0,160.0,-0.11401463702234693,-0.045899319961189275,0.25,48.22177682091282,7.6038448287439415,0.18333961763823597,2.0,1.0,0.19679980317288845,0.002955545302406175,9.804002801598346,2.0
16.0,170.0,-0.38125863761484524,-0.02672440005924983,0.0,45.6283977515166,7.604460234888055,0.18333961763823597,1.0,1.0,0.439863329019887,0.004661669837190028,12.491824601811023,2.0
16.0,180.0,-0.2639595155512424,0.011729912206360282,0.0,41.92534194522945,7.604943104946823,0.18333961763823597,2.0,2.0,0.4916119559634031,0.004864351134459159,15.943350839402866,2.0
16.0,190.0,0.17964952030930803,0.044360903586055045,0.26,41.18783398337477,7.605292519749643,0.18333961763823597,2.0,3.0,0.5433605829069192,0.004458988539920897,14.839973336619348,2.0
16.0,200.0,0.5695362763998268,0.03898867560905188,0.46,45.07134302209842,7.605507814165577,0.18333961763823597,2.0,3.0,0.439863329019887,0.004661669837190028,13.339373056928729,2.0
16.0,210.0,0.54752872336433,-0.002200755303549684,0.5,51.07958273552174,7.605588578369467,0.18333961763823597,2.0,2.0,0.19679980317288845,0.002955545302406175,6.911623816151874,2.0
16.0,220.0,0.14072756882070436,-0.040680115454362564,0.35000000000000003,55.12157288916963,7.605534658622062,0.18333961763823597,2.0,1.0,0.19679980317288845,0.002955545302406175,9.412646489413895,2.0
16.0,230.0,-0.26417013255477784,-0.04048977013754822,0.25,54.6685423751485,7.605346157562664,0.18333961763823597,2.0,1.0,0.19679980317288845,0.002955545302406175,11.164424700344629,2.0
16.0,240.0,-0.4330829214657861,-0.016891278891100824,0.0,51.10067470973061,7.605023434013756,0.18333961763823597,1.0,2.0,0.4916119559634031,0.004864351134459159,12.798218501503257,2.0
16.0,250.0,-0.1966199467150318,0.023646297475075427,0.0,47.34955580960095,7.604567102297956,0.18333961763823597,2.0,2.0,0.4916119559634031,0.004864351134459159,13.6573382689242,2.0
16.0,260.0,0.33061838071008864,0.05272383274251204,0.35000000000000003,47.86645673441719,7.603978031068618,0.18333961763823597,2.0,3.0,0.4916119559634031,0.004864351134459159,13.502909487806788,2.0
16.0,270.0,0.572782606811387,0.02421642261012984,0.5,52.55516530977991,7.60325734165631,0.18333961763823597,2.0,2.0,0.19679980317288845,0.002955545302406175,9.702358245589885,2.0
16.0,280.0,0.42250008812822415,-0.01502825186831629,0.47000000000000003,57.99189407699427,7.6024064059342855,0.18333961763823597,2.0,2.0,0.19679980317288845,0.002955545302406175,9.409175317396036,2.0
16.0,290.0,-0.023843837122687006,-0.04463439252509112,0.28,60.114809093206055,7.601426843707063,0.18333961763823597,2.0,1.0,0.19679980317288845,0.002955545302406175,11.539343828168288,2.0
16.0,300.0,-0.43232571121540175,-0.04084818740927147,0.0,57.76833314653568,7.600320519627012,0.18333961763823597,1.0,1.0,0.439863329019887,0.004661669837190028,12.682417228260592,2.0
17.0,0.0,0.14297142434853072,0.0,0.0,0.0,10.892631736577638,0.20214586509373514,2.0,2.0,1.0339360082251672,0.07334134081532377,19.46549621097382,0.0
17.0,10.0,0.5797620959106524,0.04367906715621217,0.28,2.9641944225521684,10.942733257693757,0.20214586509373514,2.0,3.0,1.0339360082251672,0.07334134081532377,34.01179123407412,0.0
17.0,20.0,0.947401573313293,0.03676394774026406,0.53,10.878565532911256,10.991412114208845,0.20214586509373514,3.0,3.0,0.5433605829069192,0.004458988539920897,31.17976249411989,0.0
17.0,30.0,0.9177925764145805,-0.0029608996898712546,0.56,20.45237894920242,11.0385756431528,0.20214586509373514,3.0,2.0,0.5433605829069192,0.004458988539920897,16.51222392113241,0.0
17.0,40.0,0.6065913403377436,-0.03112012360768368,0.44,28.210239814137577,11.084134066067673,0.20214586509373514,2.0,1.0,1.0339360082251672,0.07334134081532377,10.839015676536716,0.0
17.0,50.0,0.20047568864903909,-0.040611565168870455,0.25,32.41622640673528,11.128000659906075,0.20214586509373514,2.0,1.0,1.0339360082251672,0.07334134081532377,10.308948381046976,0.0
17.0,60.0,0.2690918795775836,0.006861619092854454,0.25,33.76449111813991,11.170091922113418,0.49433134045982435,2.0,2.0,1.0339360082251672,0.07334134081532377,41.45499724974306,0.0
17.0,70.0,0.7038475579844032,0.04347556784068196,0.5,38.46850577514313,11.210327729579785,0.49433134045982435,2.0,3.0,1.0339360082251672,0.07334134081532377,58.34965134424215,0.0
17.0,80.0,1.2455562091038317,0.05417086511194284,0.8,48.13950193492053,11.248631491158807,0.49433134045982435,3.0,3.0,1.0339360082251672,0.07334134081532377,50.91794662425243,0.0
17.0,90.0,1.2669620600452873,0.002140585094145564,0.92,60.9400944885452,11.28493029346328,0.49433134045982435,3.0,2.0,0.5433605829069192,0.004458988539920897,31.61919349580528,0.0
17.0,100.0,0.9281699532605359,-0.033879210678475144,0.8,72.43180844114498,11.319155039659915,0.49433134045982435,3.0,1.0,0.5433605829069192,0.004458988539920897,13.518767787477419,0.0
17.0,110.0,0.4948135896965731,-0.04333563635639628,0.59,79.70949948797356,11.351240580999136,0.49433134045982435,2.0,1.0,0.4916119559634031,0.004864351134459159,7.2564331700196485,0.0
17.0,120.0,0.17537473920387114,-0.03194388504927019,0.43,82.90581444431074,11.381125840829366,0.49433134045982435,2.0,1.0,1.0339360082251672,0.07334134081532377,6.395944256275035,0.0
17.0,130.0,0.21979592988137853,0.004442119067750739,0.46,84.78200125244874,11.408753930859962,0.49433134045982435,2.0,2.0,1.0339360082251672,0.07334134081532377,10.027262293125261,0.0
17.0,140.0,0.41809735767400014,0.01983014277926216,0.55,87.57070444799027,11.434072259451273,0.49433134045982435,2.0,2.0,1.0339360082251672,0.07334134081532377,16.2791931755224,0.0
17.0,150.0,0.6468667073998944,0.022876934972589424,0.7000000000000001,92.79884048906591,11.457032631725813,0.49433134045982435,2.0,2.0,1.0339360082251672,0.07334134081532377,17.833606124661607,0.0
17.0,160.0,0.6826565461488983,0.003578983874900388,0.75,99.34241123500536,11.477591341309985,0.49433134045982435,2.0,2.0,0.4916119559634031,0.004864351134459159,12.28975211109639,0.0
17.0,170.0,0.50546314642855,-0.01771933997203483,0.7000000000000001,105.47235036153126,11.495709253531619,0.49433134045982435,2.0,2.0,0.4916119559634031,0.004864351134459159,6.302731643809891,0.0
17.0,180.0,0.2819597087258501,-0.02235034377026999,0.61,109.57803752686118,11.511351879915036,0.49433134045982435,2.0,2.0,0.4916119559634031,0.004864351134459159,3.7799686518277196,0.0
17.0,190.0,0.15617550562283355,-0.012578420310301652,0.53,111.81862483055501,11.52448944383185,0.49433134045982435,2.0,2.0,0.4916119559634031,0.004864351134459159,4.745687906089628,0.0
17.0,200.0,0.11077150638385902,-0.004540399923897454,0.5,112.97450920308665,11.535096937182455,0.49433134045982435,2.0,2.0,1.0339360082251672,0.07334134081532377,7.1511021893370685,0.0
17.0,210.0,0.255306894876572,0.014453538849271298,0.6,114.77299728507481,11.543154168000374,0.49433134045982435,2.0,2.0,0.4916119559634031,0.004864351134459159,8.429744983728847,0.0
17.0,220.0,0.380095996208869,0.012478910133229704,0.66,117.54886112212677,11.548645798888796,0.49433134045982435,2.0,2.0,0.4916119559634031,0.004864351134459159,7.8714064081011506,0.0
17.0,230.0,0.35569869524920605,-0.002439730095966297,0.6900000000000001,121.32844523995347,11.551561376216195,0.49433134045982435,2.0,2.0,0.5433605829069192,0.004458988539920897,5.938115024549842,0.0
17.0,240.0,0.2686662606516812,-0.008703243459752485,0.65,124.47907769380154,11.551895350015432,0.49433134045982435,2.0,2.0,0.5433605829069192,0.004458988539920897,3.8774036016167805,0.0
17.0,250.0,0.137678221052969,-0.01309880395987122,0.6,126.67453178352372,11.549647084548386,0.49433134045982435,2.0,2.0,0.5433605829069192,0.004458988539920897,3.061058875639398,0.0
17.0,260.0,0.09844379783779544,-0.003923442321517356,0.5700000000000001,128.14575652866995,11.544820859516168,0.49433134045982435,2.0,2.0,0.5174862694351612,0.004053625945382633,5.861214937962784,0.0
17.0,270.0,0.11984246106681695,0.002139866322902151,0.5700000000000001,128.97812920847952,11.537425861912421,0.49433134045982435,2.0,2.0,0.5174862694351612,0.004053625945382633,14.947187413158243,0.0
17.0,280.0,0.011595469799789981,-0.010824699126702697,0.5700000000000001,129.94090786168982,11.52747616853539,0.20214586509373514,2.0,2.0,0.5174862694351612,0.004053625945382633,26.924711787724714,0.0
17.0,290.0,-0.3964683068815411,-0.04080637766813311,0.33,128.1500918777117,11.514990719191925,0.20214586509373514,1.0,1.0,0.5174862694351612,0.004053625945382633,31.798057169943785,0.0
17.0,300.0,-0.7376890381629657,-0.03412207312814246,0.0,122.31198080995254,11.499993280644471,0.20214586509373514,1.0,1.0,0.5174862694351612,0.004053625945382633,22.787675115654427,0.0
17.0,0.0,0.13355838549775356,0.0,0.0,0.0,10.892631736577638,0.20214586509373514,2.0,2.0,1.0339360082251672,0.07334134081532377,19.764265641125355,1.0
17.0,10.0,0.5592152132749391,0.04256568277771855,0.56,2.9662765050606907,10.942733257693757,0.20214586509373514,2.0,3.0,1.0339360082251672,0.07334134081532377,22.951201170706007,1.0
17.0,20.0,0.7235342032290966,0.01643189899541575,1.0,4.732359288692194,10.991412114208845,0.20214586509373514,2.0,2.0,0.5174862694351612,0.004053625945382633,19.401412998665826,1.0
17.0,30.0,0.1685046352345232,-0.05550295679945734,0.84,7.3045163295052085,11.0385756431528,0.20214586509373514,2.0,1.0,0.5174862694351612,0.004053625945382633,29.242344278117216,1.0
17.0,40.0,-0.7598731485788477,-0.09283777838133708,0.0,6.819142379759292,11.084134066067673,0.20214586509373514,1.0,1.0,0.5174862694351612,0.004053625945382633,55.26427389185768,1.0
17.0,50.0,-1.3299444084650993,-0.05700712598862516,0.0,6.819142379759292,11.128000659906075,0.20214586509373514,1.0,1.0,1.0339360082251672,0.07334134081532377,42.61400836337661,1.0
17.0,60.0,-0.9224196044917434,0.04075248039733559,0.0,6.819142379759292,11.170091922113418,0.49433134045982435,1.0,3.0,1.0339360082251672,0.07334134081532377,43.26988172049512,1.0
17.0,70.0,0.12718592415328445,0.10496055286450279,0.35000000000000003,5.725624411366098,11.210327729579785,0.49433134045982435,2.0,3.0,1.0339360082251672,0.07334134081532377,59.760289272484265,1.0
17.0,80.0,1.079434009033367,0.09522480848800825,0.85,6.745273403019365,11.248631491158807,0.49433134045982435,3.0,3.0,1.0339360082251672,0.07334134081532377,58.52886469749018,1.0
17.0,90.0,1.3702328958214558,0.029079888678808886,1.0,6.745273403019365,11.28493029346328,0.49433134045982435,3.0,3.0,1.0339360082251672,0.07334134081532377,35.23607170144592,1.0
17.0,100.0,0.983294559704337,-0.03869383361171188,1.0,6.745273403019365,11.319155039659915,0.49433134045982435,3.0,1.0,0.5174862694351612,0.004053625945382633,12.18960072131948,1.0
17.0,110.0,0.3848099050086127,-0.05984846546957243,0.99,7.188926862245054,11.351240580999136,0.49433134045982435,2.0,1.0,0.5174862694351612,0.004053625945382633,10.390821535291858,1.0
17.0,120.0,-0.33173776029804003,-0.07165476653066527,0.51,7.861897060390433,11.381125840829366,0.49433134045982435,2.0,1.0,0.439863329019887,0.004661669837190028,21.34401642356922,1.0
17.0,130.0,-0.7320869016308009,-0.04003491413327609,0.0,7.114055866478637,11.408753930859962,0.49433134045982435,1.0,1.0,1.0339360082251672,0.07334134081532377,31.66685846059517,1.0
17.0,140.0,-0.2668989950056897,0.04651879066251112,0.0,6.332550612479334,11.434072259451273,0.49433134045982435,2.0,3.0,1.0339360082251672,0.07334134081532377,46.06373303661143,1.0
17.0,150.0,0.6621024354071388,0.09290014304128284,0.65,6.752646940417833,11.457032631725813,0.49433134045982435,2.0,3.0,1.0339360082251672,0.07334134081532377,54.080398606846266,1.0
17.0,160.0,1.2346807545921976,0.057257831918505885,1.0,6.752646940417833,11.477591341309985,0.49433134045982435,3.0,3.0,1.0339360082251672,0.07334134081532377,37.60042751957901,1.0
17.0,170.0,1.0472657812011974,-0.01874149733910002,1.0,6.752646940417833,11.495709253531619,0.49433134045982435,3.0,2.0,0.5174862694351612,0.004053625945382633,17.035104222246673,1.0
17.0,180.0,0.5083400528487338,-0.05389257283524636,1.0,6.752646940417833,11.511351879915036,0.49433134045982435,2.0,1.0,0.439863329019887,0.004661669837190028,9.36305114825819,1.0
17.0,190.0,-0.17479750004724792,-0.06831375528959818,0.58,7.951842989003556,11.52448944383185,0.49433134045982435,2.0,1.0,0.439863329019887,0.004661669837190028,18.070397377772835,1.0
17.0,200.0,-0.6521720706029797,-0.047737457055573175,0.0,6.477651239113751,11.535096937182455,0.49433134045982435,1.0,1.0,1.0339360082251672,0.07334134081532377,28.865178554049947,1.0
17.0,210.0,-0.3553153551857733,0.029685671541720637,0.0,6.477651239113751,11.543154168000374,0.49433134045982435,2.0,3.0,1.0339360082251672,0.07334134081532377,43.66168787224655,1.0
17.0,220.0,0.4096172075276314,0.07649325627134047,0.55,6.194888526215088,11.548645798888796,0.49433134045982435,2.0,3.0,1.0339360082251672,0.07334134081532377,52.76234759171899,1.0
17.0,230.0,1.1398394354960644,0.0730222227968433,1.0,6.6045057337427195,11.551561376216195,0.49433134045982435,3.0,3.0,1.0339360082251672,0.07334134081532377,40.103279956852326,1.0
17.0,240.0,1.1260744807850145,-0.001376495471104988,1.0,6.6045057337427195,11.551895350015432,0.49433134045982435,3.0,2.0,0.5433605829069192,0.004458988539920897,21.793193103773618,1.0
17.0,250.0,0.6268002102679944,-0.049927427051702014,1.0,6.6045057337427195,11.549647084548386,0.49433134045982435,2.0,1.0,0.5174862694351612,0.004053625945382633,8.49991330840032,1.0
17.0,260.0,-0.024194074786670683,-0.0650994285054665,0.67,8.14134816782829,11.544820859516168,0.49433134045982435,2.0,1.0,0.5174862694351612,0.004053625945382633,12.37069472066049,1.0
17.0,270.0,-0.5914022292580441,-0.05672081544713734,0.0,6.573982608206766,11.537425861912421,0.49433134045982435,1.0,1.0,0.5174862694351612,0.004053625945382633,19.280126741520736,1.0
17.0,280.0,-0.6162700647261978,-0.0024867835468153745,0.0,6.573982608206766,11.52747616853539,0.20214586509373514,1.0,2.0,1.0339360082251672,0.07334134081532377,13.195033140664181,1.0
17.0,290.0,-0.34583873177723135,0.02704313329489665,0.0,6.171281769235474,11.514990719191925,0.20214586509373514,2.0,3.0,1.0339360082251672,0.07334134081532377,8.757041410614708,1.0
17.0,300.0,0.14478855609117502,0.049062728786840634,0.49,5.178947623781681,11.499993280644471,0.20214586509373514,2.0,3.0,1.0339360082251672,0.07334134081532377,15.387984048296326,1.0
17.0,0.0,0.11648740810524316,0.0,0.0,0.0,10.892631736577638,0.20214586509373514,2.0,2.0,1.0339360082251672,0.07334134081532377,20.04793388806455,2.0
17.0,10.0,0.5725594989215992,0.045607209081635604,0.26,3.268869708915787,10.942733257693757,0.20214586509373514,2.0,3.0,1.0339360082251672,0.07334134081532377,36.957654227343085,2.0
17.0,20.0,0.9417628061530259,0.03692033072314267,0.47000000000000003,11.031540080699276,10.991412114208845,0.20214586509373514,3.0,3.0,1.0339360082251672,0.07334134081532377,35.47588598894525,2.0
17.0,30.0,1.0155917044373837,0.007382889828435779,0.55,21.429042760835856,11.0385756431528,0.20214586509373514,3.0,2.0,0.5433605829069192,0.004458988539920897,22.882168481053935,2.0
17.0,40.0,0.753528040756926,-0.026206366368045762,0.49,30.47045875061193,11.084134066067673,0.20214586509373514,3.0,1.0,1.0339360082251672,0.07334134081532377,13.014162357779544,2.0
17.0,50.0,0.4134632268530325,-0.03400648139038935,0.37,36.443966245847776,11.128000659906075,0.20214586509373514,2.0,1.0,1.0339360082251672,0.07334134081532377,9.527785094267735,2.0
17.0,60.0,0.34364198203518725,-0.006982124481784524,0.33,39.62356895335394,11.170091922113418,0.49433134045982435,2.0,2.0,1.0339360082251672,0.07334134081532377,32.39927898957988,2.0
17.0,70.0,0.7120930343792722,0.036845105234408496,0.52,44.55350194649155,11.210327729579785,0.49433134045982435,2.0,3.0,1.0339360082251672,0.07334134081532377,48.573353339676984,2.0
17.0,80.0,1.0907412616148378,0.037864822723556554,0.71,53.51878769012853,11.248631491158807,0.49433134045982435,3.0,3.0,1.0339360082251672,0.07334134081532377,46.98835148390956,2.0
17.0,90.0,1.201097348428501,0.011035608681366327,0.8300000000000001,65.13384517642973,11.28493029346328,0.49433134045982435,3.0,2.0,1.0339360082251672,0.07334134081532377,32.74904780275356,2.0
17.0,100.0,0.9643398681096116,-0.023675748031888943,0.78,76.063018655668,11.319155039659915,0.49433134045982435,3.0,2.0,0.5433605829069192,0.004458988539920897,18.196536813743077,2.0
17.0,110.0,0.574898389934873,-0.038944147817473865,0.67,84.09122042130107,11.351240580999136,0.49433134045982435,2.0,1.0,0.4916119559634031,0.004864351134459159,9.007217569292605,2.0
17.0,120.0,0.34606184304309906,-0.022883654689177392,0.59,89.0438931973089,11.381125840829366,0.49433134045982435,2.0,2.0,0.4916119559634031,0.004864351134459159,7.515145047355987,2.0
17.0,130.0,0.19738936472698754,-0.014867247831611152,0.52,91.87556188496367,11.408753930859962,0.49433134045982435,2.0,2.0,1.0339360082251672,0.07334134081532377,7.67363140467279,2.0
17.0,140.0,0.23156898754898236,0.0034179622821994826,0.53,93.89096158396134,11.434072259451273,0.49433134045982435,2.0,2.0,1.0339360082251672,0.07334134081532377,8.4944988317596,2.0
17.0,150.0,0.3217909346461667,0.009022194709718434,0.59,96.7604597762276,11.457032631725813,0.49433134045982435,2.0,2.0,1.0339360082251672,0.07334134081532377,10.01110572618023,2.0
17.0,160.0,0.4044102696547327,0.0082619335008566,0.63,100.47523596303267,11.477591341309985,0.49433134045982435,2.0,2.0,0.4916119559634031,0.004864351134459159,10.189977203081314,2.0
17.0,170.0,0.42223979731631545,0.0017829527661582744,0.67,104.64527276244529,11.495709253531619,0.49433134045982435,2.0,2.0,0.4916119559634031,0.004864351134459159,7.696584521133432,2.0
17.0,180.0,0.35470881145850086,-0.006753098585781459,0.66,108.36289857559413,11.511351879915036,0.49433134045982435,2.0,2.0,0.4916119559634031,0.004864351134459159,5.368188202156792,2.0
17.0,190.0,0.2426605781079303,-0.011204823335057058,0.64,111.57424349236913,11.52448944383185,0.49433134045982435,2.0,2.0,0.4916119559634031,0.004864351134459159,3.398950022505339,2.0
17.0,200.0,0.13707215716931742,-0.010558842093861287,0.5700000000000001,113.15055531954638,11.535096937182455,0.49433134045982435,2.0,2.0,0.4916119559634031,0.004864351134459159,3.440759231025074,2.0
17.0,210.0,0.0849732620534418,-0.005209889511587562,0.5700000000000001,114.26700982000824,11.543154168000374,0.49433134045982435,2.0,2.0,0.4916119559634031,0.004864351134459159,4.147573357872757,2.0
17.0,220.0,0.1208338458264322,0.0035860583772990397,0.58,115.15656287085157,11.548645798888796,0.49433134045982435,2.0,2.0,0.4916119559634031,0.004864351134459159,4.9527722254783795,2.0
17.0,230.0,0.18588987971170212,0.006505603388526992,0.63,116.68191134374787,11.551561376216195,0.49433134045982435,2.0,2.0,0.4916119559634031,0.004864351134459159,4.638580634949306,2.0
17.0,240.0,0.18852399770289452,0.0002634117991192397,0.65,118.77383632546594,11.551895350015432,0.49433134045982435,2.0,2.0,0.4916119559634031,0.004864351134459159,3.3755346533683808,2.0
17.0,250.0,0.17778540185391734,-0.0010738595848977183,0.64,120.42662071691925,11.549647084548386,0.49433134045982435,2.0,2.0,0.439863329019887,0.004661669837190028,3.0289424232483397,2.0
17.0,260.0,0.10741200991038724,-0.0070373391943530095,0.61,121.85795203430766,11.544820859516168,0.49433134045982435,2.0,2.0,0.5174862694351612,0.004053625945382633,5.167574053583156,2.0
17.0,270.0,0.04964947121622032,-0.005776253869416692,0.6,122.74561727265976,11.537425861912421,0.49433134045982435,2.0,2.0,0.5174862694351612,0.004053625945382633,15.508950386554648,2.0
17.0,280.0,-0.07165940274290605,-0.012130887395912638,0.5700000000000001,123.22158657636979,11.52747616853539,0.20214586509373514,2.0,2.0,0.5174862694351612,0.004053625945382633,31.86351393722291,2.0
17.0,290.0,-0.5269846429067577,-0.04553252401638517,0.36,120.2878812107544,11.514990719191925,0.20214586509373514,1.0,1.0,0.5174862694351612,0.004053625945382633,37.74130833938581,2.0
17.0,300.0,-0.8588116168640312,-0.033182697395727344,0.25,113.03793032078957,11.499993280644471,0.20214586509373514,1.0,1.0,0.5174862694351612,0.004053625945382633,34.825831913465976,2.0
18.0,0.0,-1.6851753278534076,0.0,0.0,0.0,13.090249589941244,0.19420430838998423,1.0,2.0,0.8187030668554314,0.006961816621038401,41.83794489215911,0.0
18.0,10.0,-0.8520155424823379,0.08331597853710697,0.0,0.0,13.167290044431113,0.19420430838998423,1.0,3.0,0.8187030668554314,0.006961816621038401,27.19120568064758,0.0
18.0,20.0,0.17681822051292428,0.10288337629952622,0.0,0.08562262767587825,13.241102002148068,0.19420430838998423,2.0,3.0,0.8187030668554314,0.006961816621038401,23.948059283016235,0.0
18.0,30.0,0.9255704210482918,0.07487522005353675,0.48,5.477967757364439,13.311544957835395,0.19420430838998423,3.0,3.0,0.8187030668554314,0.006961816621038401,25.62662545707352,0.0
18.0,40.0,0.9587034595136288,0.0033133038465336996,0.58,15.588835799536486,13.378484819323226,0.19420430838998423,3.0,2.0,0.8187030668554314,0.006961816621038401,13.827011689787629,0.0
18.0,50.0,0.6423411862859041,-0.03163622732277247,0.42,23.45856308569109,13.44179416278061,0.19420430838998423,2.0,1.0,0.8187030668554314,0.006961816621038401,9.352842593342032,0.0
18.0,60.0,0.45026350556009476,-0.019207768072580934,0.34,28.901632580482318,13.501352475274011,0.19420430838998423,2.0,2.0,0.8187030668554314,0.006961816621038401,8.188793080922604,0.0
18.0,70.0,0.45931923534380914,0.0009055729783714383,0.39,33.77452281357174,13.557046384170519,0.19420430838998423,2.0,2.0,0.8187030668554314,0.006961816621038401,7.775078624862439,0.0
18.0,80.0,0.533878272541962,0.007455903719815282,0.44,39.010152860936984,13.608769872949118,0.19420430838998423,2.0,2.0,0.8187030668554314,0.006961816621038401,7.6094582418596985,0.0
18.0,90.0,0.4741480839581236,-0.005973018858383838,0.43,43.9961657584806,13.65642448300914,0.19420430838998423,2.0,2.0,0.8187030668554314,0.006961816621038401,6.9661970339885775,0.0
18.0,100.0,0.41377118674525093,-0.006037689721287265,0.43,48.569036565665975,13.699919501091834,0.19420430838998423,2.0,2.0,0.8187030668554314,0.006961816621038401,6.656479003932997,0.0
18.0,110.0,0.37903071583524905,-0.0034740470910001875,0.42,52.60572690078093,13.739172131958185,0.19420430838998423,2.0,2.0,0.8187030668554314,0.006961816621038401,7.080104881873037,0.0
18.0,120.0,0.3897302576251356,0.0010699541789886524,0.41000000000000003,56.405086270326564,13.774107655994356,0.19420430838998423,2.0,2.0,0.8187030668554314,0.006961816621038401,7.55191113155168,0.0
18.0,130.0,0.40165492731562225,0.0011924669690486667,0.45,60.22673637770262,13.804659571444738,0.19420430838998423,2.0,2.0,0.8187030668554314,0.006961816621038401,7.376977067484158,0.0
18.0,140.0,0.27949074905547633,-0.012216417826014592,0.4,63.48238113336254,13.830769721001829,0.19420430838998423,2.0,2.0,0.4916119559634031,0.004864351134459159,7.280931214480513,0.0
18.0,150.0,0.3020351401143664,0.0022544391058890055,0.42,66.29576691160476,13.852388402511927,0.19420430838998423,2.0,2.0,0.4916119559634031,0.004864351134459159,6.743792426298429,0.0
18.0,160.0,0.24070975271808592,-0.006132538739628046,0.42,69.2512021675585,13.869474463586059,0.19420430838998423,2.0,2.0,0.4916119559634031,0.004864351134459159,5.950407486837851,0.0
18.0,170.0,0.26253924120297967,0.0021829488484893743,0.43,71.78039056325684,13.881995379935866,0.19420430838998423,2.0,2.0,0.4916119559634031,0.004864351134459159,5.405549019655709,0.0
18.0,180.0,0.27092762620577204,0.0008388385002792376,0.44,74.44040027978285,13.889927317285427,0.19420430838998423,2.0,2.0,0.4916119559634031,0.004864351134459159,4.450521093057366,0.0
18.0,190.0,0.23329006501207772,-0.0037637561193694324,0.42,77.1011006180943,13.893255176741178,0.19420430838998423,2.0,2.0,0.4916119559634031,0.004864351134459159,3.5450771529291796,0.0
18.0,200.0,0.20547237461455126,-0.0027817690397526464,0.42,79.21744742445793,13.891972623533505,0.19420430838998423,2.0,2.0,0.4916119559634031,0.004864351134459159,3.0305480319342752,0.0
18.0,210.0,0.1763767136938057,-0.002909566092074556,0.42,80.98245529685131,13.886082099075324,0.19420430838998423,2.0,2.0,0.4916119559634031,0.004864351134459159,2.81493023327515,0.0
18.0,220.0,0.15881527527093553,-0.0017561438422870168,0.44,82.83022591677039,13.875594816314745,0.19420430838998423,2.0,2.0,0.4916119559634031,0.004864351134459159,2.4133031961131826,0.0
18.0,230.0,0.1822556296177993,0.002344035434686376,0.44,84.5958878842769,13.860530738390565,0.19420430838998423,2.0,2.0,0.4916119559634031,0.004864351134459159,2.2754913911647496,0.0
18.0,240.0,0.14431762059830433,-0.0037938009019494955,0.44,86.45753847393915,13.840918540631286,0.19420430838998423,2.0,2.0,0.4916119559634031,0.004864351134459159,1.844690180035377,0.0
18.0,250.0,0.12020869324546624,-0.0024108927352838095,0.4,87.52496485586353,13.816795555970039,0.19420430838998423,2.0,2.0,0.439863329019887,0.004661669837190028,2.1038120455854816,0.0
18.0,260.0,0.15284298394356455,0.003263429069809831,0.44,88.83991208826458,13.78820770387918,0.19420430838998423,2.0,2.0,0.439863329019887,0.004661669837190028,1.941660273202853,0.0
18.0,270.0,0.12673684711536026,-0.0026106136828204286,0.44,90.2154037867524,13.755209402959998,0.19420430838998423,2.0,2.0,0.5433605829069192,0.004458988539920897,1.5624225110286338,0.0
18.0,280.0,0.13946029820234784,0.0012723451086987581,0.43,91.35492532614805,13.717863467353787,0.19420430838998423,2.0,2.0,0.5433605829069192,0.004458988539920897,1.329354124810032,0.0
18.0,290.0,0.10104116829309362,-0.0038419129909254223,0.45,92.48392951097057,13.676240987171582,0.19420430838998423,2.0,2.0,0.5433605829069192,0.004458988539920897,1.1037933491484262,0.0
18.0,300.0,0.05168030148800895,-0.0049360866805084665,0.39,93.30151541914955,13.63042119317008,0.19420430838998423,2.0,2.0,0.5433605829069192,0.004458988539920897,1.1600270188093451,0.0
18.0,0.0,-1.671654616759536,0.0,0.0,0.0,13.090249589941244,0.19420430838998423,1.0,2.0,0.8187030668554314,0.006961816621038401,41.76383397041332,1.0
18.0,10.0,-0.8422490490593297,0.08294055677002063,0.0,0.0,13.167290044431113,0.19420430838998423,1.0,3.0,0.8187030668554314,0.006961816621038401,27.148036519129768,1.0
18.0,20.0,0.13138434430008772,0.09736333933594174,0.0,0.04810236151375591,13.241102002148068,0.19420430838998423,2.0,3.0,0.8187030668554314,0.006961816621038401,25.84124354280119,1.0
18.0,30.0,0.9219234028175869,0.07905390585174991,0.61,5.33567468918481,13.311544957835395,0.19420430838998423,3.0,3.0,0.8187030668554314,0.006961816621038401,19.159307180917306,1.0
18.0,40.0,0.733636665224882,-0.018828673759270487,0.76,14.5473249695428,13.378484819323226,0.19420430838998423,2.0,2.0,0.8187030668554314,0.006961816621038401,11.19729896726776,1.0
18.0,50.0,0.021223847933903528,-0.07124128172909786,0.26,18.37370073593486,13.44179416278061,0.19420430838998423,2.0,1.0,0.8187030668554314,0.006961816621038401,14.477196151907078,1.0
18.0,60.0,0.07269000334889597,0.005146615541499244,0.25,17.871907674206366,13.501352475274011,0.19420430838998423,2.0,2.0,0.8187030668554314,0.006961816621038401,14.883350031574658,1.0
18.0,70.0,0.6987460392584204,0.06260560359095244,0.67,21.93352338303011,13.557046384170519,0.19420430838998423,2.0,3.0,0.8187030668554314,0.006961816621038401,10.191669018909264,1.0
18.0,80.0,0.4057264410688681,-0.029301959818955226,0.56,28.23496209937074,13.608769872949118,0.19420430838998423,2.0,1.0,0.8187030668554314,0.006961816621038401,6.197558889255461,1.0
18.0,90.0,-0.0023294370730972958,-0.04080558781419654,0.25,29.747638513766095,13.65642448300914,0.19420430838998423,2.0,1.0,0.8187030668554314,0.006961816621038401,7.851125122868156,1.0
18.0,100.0,0.186491716790659,0.01888211538637563,0.32,30.14254672613909,13.699919501091834,0.19420430838998423,2.0,2.0,0.8187030668554314,0.006961816621038401,8.086827635945918,1.0
18.0,110.0,0.40498208830182136,0.021849037151116236,0.5700000000000001,33.51838189256353,13.739172131958185,0.19420430838998423,2.0,2.0,0.8187030668554314,0.006961816621038401,6.169726475884806,1.0
18.0,120.0,0.167775299516844,-0.023720678878497735,0.41000000000000003,36.564016132615635,13.774107655994356,0.19420430838998423,2.0,2.0,0.8187030668554314,0.006961816621038401,5.838532359101985,1.0
18.0,130.0,0.08493692051200696,-0.008283837900483704,0.34,37.65160520353816,13.804659571444738,0.19420430838998423,2.0,2.0,0.8187030668554314,0.006961816621038401,6.145753830459312,1.0
18.0,140.0,0.23491493789124007,0.01499780173792331,0.43,39.35225559207102,13.830769721001829,0.19420430838998423,2.0,2.0,0.8187030668554314,0.006961816621038401,5.32009774238691,1.0
18.0,150.0,0.22712862077317197,-0.0007786317118068098,0.48,41.64286579715479,13.852388402511927,0.19420430838998423,2.0,2.0,0.8187030668554314,0.006961816621038401,4.588203941596172,1.0
18.0,160.0,0.08634993980734151,-0.014077868096583046,0.37,43.36906665110468,13.869474463586059,0.19420430838998423,2.0,2.0,0.8187030668554314,0.006961816621038401,4.479932520029115,1.0
18.0,170.0,0.15804065343288443,0.007169071362554291,0.39,44.21543824560263,13.881995379935866,0.19420430838998423,2.0,2.0,0.8187030668554314,0.006961816621038401,4.373551816124276,1.0
18.0,180.0,0.16330411246795862,0.0005263459035074192,0.47000000000000003,45.74721443378664,13.889927317285427,0.19420430838998423,2.0,2.0,0.8187030668554314,0.006961816621038401,3.7990073249809524,1.0
18.0,190.0,0.11560441685899647,-0.004769969560896215,0.41000000000000003,47.17328216095009,13.893255176741178,0.19420430838998423,2.0,2.0,0.8187030668554314,0.006961816621038401,3.5374204899441617,1.0
18.0,200.0,0.11142329129923212,-0.00041811255597643535,0.42,48.265871020484376,13.891972623533505,0.19420430838998423,2.0,2.0,0.8187030668554314,0.006961816621038401,3.2299140974120157,1.0
18.0,210.0,0.10103759275158453,-0.0010385698547647592,0.44,49.35192836619106,13.886082099075324,0.19420430838998423,2.0,2.0,0.8187030668554314,0.006961816621038401,3.0033437166783834,1.0
18.0,220.0,0.05817391464699995,-0.004286367810458458,0.42,50.33213884945827,13.875594816314745,0.19420430838998423,2.0,2.0,0.8187030668554314,0.006961816621038401,2.8151030997326596,1.0
18.0,230.0,0.02543639751885607,-0.003273751712814388,0.42,51.10196548529999,13.860530738390565,0.19420430838998423,2.0,2.0,0.8187030668554314,0.006961816621038401,2.738095333652811,1.0
18.0,240.0,0.10474522287782051,0.007930882535896444,0.45,51.79740856204395,13.840918540631286,0.19420430838998423,2.0,2.0,0.8187030668554314,0.006961816621038401,2.4383897484383787,1.0
18.0,250.0,0.06178394760889816,-0.004296127526892235,0.4,52.87523789132223,13.816795555970039,0.19420430838998423,2.0,2.0,0.8187030668554314,0.006961816621038401,2.1534379715591063,1.0
18.0,260.0,0.05907540749103646,-0.0002708540117861702,0.48,53.64417750632819,13.78820770387918,0.19420430838998423,2.0,2.0,0.8187030668554314,0.006961816621038401,1.9004201115390429,1.0
18.0,270.0,0.04116228380564024,-0.0017913123685396215,0.41000000000000003,54.131375223317605,13.755209402959998,0.19420430838998423,2.0,2.0,0.8187030668554314,0.006961816621038401,1.9076488454369775,1.0
18.0,280.0,-0.0013229997300001628,-0.004248528353564041,0.38,54.51804671568823,13.717863467353787,0.19420430838998423,2.0,2.0,0.8187030668554314,0.006961816621038401,1.899553632218418,1.0
18.0,290.0,0.08449393242005598,0.008581693215005615,0.43,55.17237072924601,13.676240987171582,0.19420430838998423,2.0,2.0,0.8187030668554314,0.006961816621038401,1.4748684144150284,1.0
18.0,300.0,-0.012427591209739575,-0.009692152362979555,0.39,55.8283987740524,13.63042119317008,0.19420430838998423,2.0,2.0,0.8187030668554314,0.006961816621038401,1.484255135226111,1.0
18.0,0.0,-1.7023490363376972,0.0,0.0,0.0,13.090249589941244,0.19420430838998423,1.0,2.0,0.8187030668554314,0.006961816621038401,41.93207894744125,2.0
18.0,10.0,-0.8066304608653958,0.08957185754723014,0.0,0.0,13.167290044431113,0.19420430838998423,1.0,3.0,0.8187030668554314,0.006961816621038401,26.99059776192385,2.0
18.0,20.0,0.1265436698230502,0.0933174130688446,0.0,0.02586355207690616,13.241102002148068,0.19420430838998423,2.0,3.0,0.8187030668554314,0.006961816621038401,26.38670647970473,2.0
18.0,30.0,1.0270394414141144,0.09004957715910641,0.44,5.497644610820032,13.311544957835395,0.19420430838998423,3.0,3.0,0.8187030668554314,0.006961816621038401,33.00740577493722,2.0
18.0,40.0,1.140149388355571,0.011310994694145649,0.58,16.927099821053815,13.378484819323226,0.19420430838998423,3.0,2.0,0.8187030668554314,0.006961816621038401,19.41380006828566,2.0
18.0,50.0,0.7195058093510873,-0.04206435790044836,0.47000000000000003,26.716797298593185,13.44179416278061,0.19420430838998423,2.0,1.0,0.8187030668554314,0.006961816621038401,9.339031546656265,2.0
18.0,60.0,0.447354861541605,-0.027215094780948235,0.35000000000000003,32.76102409639805,13.501352475274011,0.19420430838998423,2.0,1.0,0.8187030668554314,0.006961816621038401,7.486174557923225,2.0
18.0,70.0,0.5277451398668447,0.00803902783252397,0.39,37.60857497650447,13.557046384170519,0.19420430838998423,2.0,2.0,0.8187030668554314,0.006961816621038401,8.814229422155282,2.0
18.0,80.0,0.5847752995777675,0.005703015971092284,0.45,42.869631196046086,13.608769872949118,0.19420430838998423,2.0,2.0,0.8187030668554314,0.006961816621038401,8.740336818862856,2.0
18.0,90.0,0.4790108428047475,-0.010576445677302005,0.44,48.306421943063455,13.65642448300914,0.19420430838998423,2.0,2.0,0.8187030668554314,0.006961816621038401,6.9797740724327575,2.0
18.0,100.0,0.37798361872287245,-0.010102722408187503,0.42,52.580421146949014,13.699919501091834,0.19420430838998423,2.0,2.0,0.8187030668554314,0.006961816621038401,6.660103528070803,2.0
18.0,110.0,0.38610011930967403,0.0008116500586801579,0.44,56.386419956760925,13.739172131958185,0.19420430838998423,2.0,2.0,0.8187030668554314,0.006961816621038401,6.854582167858681,2.0
18.0,120.0,0.31886072523722575,-0.006723939407244828,0.43,60.12327208969186,13.774107655994356,0.19420430838998423,2.0,2.0,0.8187030668554314,0.006961816621038401,6.533627314768042,2.0
18.0,130.0,0.2959544360234787,-0.0022906289213747042,0.42,63.12961303837576,13.804659571444738,0.19420430838998423,2.0,2.0,0.8187030668554314,0.006961816621038401,6.756180438129282,2.0
18.0,140.0,0.26739322737757476,-0.0028561208645903947,0.42,66.09692774889399,13.830769721001829,0.19420430838998423,2.0,2.0,0.4916119559634031,0.004864351134459159,6.176620192585632,2.0
18.0,150.0,0.23658729297153513,-0.0030805934406039626,0.42,68.64464407571629,13.852388402511927,0.19420430838998423,2.0,2.0,0.4916119559634031,0.004864351134459159,5.532513053960768,2.0
18.0,160.0,0.20789996236181452,-0.0028687330609720616,0.42,70.86675884957621,13.869474463586059,0.19420430838998423,2.0,2.0,0.4916119559634031,0.004864351134459159,5.016694407053767,2.0
18.0,170.0,0.22742247379336433,0.0019522511431549817,0.44,72.90287630935916,13.881995379935866,0.19420430838998423,2.0,2.0,0.4916119559634031,0.004864351134459159,4.457689121783774,2.0
18.0,180.0,0.1709754190019197,-0.005644705479144463,0.43,75.14011848207096,13.889927317285427,0.19420430838998423,2.0,2.0,0.4916119559634031,0.004864351134459159,3.674096211275667,2.0
18.0,190.0,0.18165542769986232,0.001068000869794261,0.43,76.65019691549828,13.893255176741178,0.19420430838998423,2.0,2.0,0.4916119559634031,0.004864351134459159,3.382177132999771,2.0
18.0,200.0,0.1679160305435694,-0.0013739397156292909,0.42,78.02721978658013,13.891972623533505,0.19420430838998423,2.0,2.0,0.4916119559634031,0.004864351134459159,3.1166888727133784,2.0
18.0,210.0,0.09297737163195663,-0.007493865891161277,0.41000000000000003,79.24802224786896,13.886082099075324,0.19420430838998423,2.0,2.0,0.4916119559634031,0.004864351134459159,3.081601687456768,2.0
18.0,220.0,0.14364673184979182,0.005066936021783519,0.46,80.81960491573157,13.875594816314745,0.19420430838998423,2.0,2.0,0.4916119559634031,0.004864351134459159,2.2263333204753417,2.0
18.0,230.0,0.12769545637559077,-0.0015951275474201053,0.45,82.17527719090688,13.860530738390565,0.19420430838998423,2.0,2.0,0.4916119559634031,0.004864351134459159,1.6528916883479612,2.0
18.0,240.0,0.06753974732681556,-0.006015570904877521,0.42,82.9199929301172,13.840918540631286,0.19420430838998423,2.0,2.0,0.4916119559634031,0.004864351134459159,1.79442488977348,2.0
18.0,250.0,-0.007698636566683348,-0.007523838389349891,0.39,83.25305256211355,13.816795555970039,0.19420430838998423,2.0,2.0,0.4916119559634031,0.004864351134459159,2.2511133729644084,2.0
18.0,260.0,0.12188204105521194,0.012958067762189529,0.44,84.07085106888117,13.78820770387918,0.19420430838998423,2.0,2.0,0.4916119559634031,0.004864351134459159,2.0330649193004735,2.0
18.0,270.0,0.09136776317899375,-0.0030514277876218187,0.45,85.525580944606,13.755209402959998,0.19420430838998423,2.0,2.0,0.4916119559634031,0.004864351134459159,0.9710912801974854,2.0
18.0,280.0,0.03214627777543555,-0.00592214854035582,0.43,86.48075631297358,13.717863467353787,0.19420430838998423,2.0,2.0,0.4916119559634031,0.004864351134459159,0.43953030964649403,2.0
18.0,290.0,-0.024030635128127642,-0.005617691290356319,0.41000000000000003,86.60682891984885,13.676240987171582,0.19420430838998423,2.0,2.0,0.4916119559634031,0.004864351134459159,0.8025412021161946,2.0
18.0,300.0,0.04150798951949497,0.006553862464762261,0.41000000000000003,86.68779938835847,13.63042119317008,0.19420430838998423,2.0,2.0,0.4916119559634031,0.004864351134459159,1.2725579232546314,2.0
19.0,0.0,-2.336649414902581,0.0,0.0,0.0,8.242682437445971,0.21778675167618106,0.0,2.0,0.5174862694351612,0.004053625945382633,119.38956996565199,0.0
19.0,10.0,-1.9664703918058493,0.03701790230967319,0.0,0.0,8.323190040812591,0.21778675167618106,0.0,3.0,0.5174862694351612,0.004053625945382633,80.66019004884518,0.0
19.0,20.0,-1.4821142518134103,0.0484356139992439,0.0,0.0,8.399263722792355,0.21778675167618106,1.0,3.0,0.5174862694351612,0.004053625945382633,44.904796080672845,0.0
19.0,30.0,-1.037426275932063,0.04446879758813473,0.0,0.0,8.47075867280789,0.21778675167618106,1.0,3.0,0.5174862694351612,0.004053625945382633,20.11727646975238,0.0
19.0,40.0,-0.599178367517375,0.0438247908414688,0.0,0.0,8.537538796158323,0.21778675167618106,1.0,3.0,0.6799861738931539,3.395031256284235e-05,12.512889586215161,0.0
19.0,50.0,-0.13846142361826708,0.04607169438991079,0.0,0.0,8.59947697308332,0.21778675167618106,2.0,3.0,0.6799861738931539,3.395031256284235e-05,18.644273124080673,0.0
19.0,60.0,0.27177819587413765,0.041023961949240476,0.0,0.7624247921283889,8.65645530074277,0.21778675167618106,2.0,3.0,0.6799861738931539,3.395031256284235e-05,27.758569959088035,0.0
19.0,70.0,0.679368524658301,0.04075903287841633,0.35000000000000003,5.166301706745138,8.708365317651548,0.21778675167618106,2.0,3.0,0.6799861738931539,3.395031256284235e-05,27.649401313156233,0.0
19.0,80.0,0.8120645188587652,0.013269599420046418,0.47000000000000003,12.709758474467876,8.755108210142083,0.21778675167618106,3.0,2.0,0.6799861738931539,3.395031256284235e-05,20.270692615288826,0.0
19.0,90.0,0.6651886042381996,-0.01468759146205656,0.44,20.371701974333668,8.796595000461828,0.21778675167618106,2.0,2.0,0.5433605829069192,0.004458988539920897,11.392525206487575,0.0
19.0,100.0,0.4504728583815947,-0.021471574585660493,0.34,26.030738156076133,8.832746716147462,0.21778675167618106,2.0,2.0,0.5433605829069192,0.004458988539920897,7.588219413348811,0.0
19.0,110.0,0.2589154686469719,-0.019155738973462278,0.25,29.463041817690144,8.863494540353436,0.21778675167618106,2.0,2.0,0.4916119559634031,0.004864351134459159,7.487192461661188,0.0
19.0,120.0,0.20944868315588394,-0.004946678549108796,0.25,31.659438535963023,8.8887799428488,0.21778675167618106,2.0,2.0,0.4916119559634031,0.004864351134459159,8.480356310153208,0.0
19.0,130.0,0.2411842229567469,0.003173553980086297,0.25,33.66329113694474,8.908554791432756,0.21778675167618106,2.0,2.0,0.5433605829069192,0.004458988539920897,9.40149424893837,0.0
19.0,140.0,0.2680300030971239,0.002684578014037697,0.29,36.313401328963835,8.922781443557106,0.21778675167618106,2.0,2.0,0.5433605829069192,0.004458988539920897,9.410104323910792,0.0
19.0,150.0,0.30690575786372065,0.003887575476659677,0.32,39.372391209107164,8.93143281798094,0.21778675167618106,2.0,2.0,0.4916119559634031,0.004864351134459159,8.534768973692696,0.0
19.0,160.0,0.3112744427118237,0.0004368684848103044,0.33,42.512105274515335,8.934492446321336,0.21778675167618106,2.0,2.0,0.4916119559634031,0.004864351134459159,7.129316708743349,0.0
19.0,170.0,0.2791964050722022,-0.003207803763962147,0.33,45.46722574524127,8.931954504401837,0.21778675167618106,2.0,2.0,0.4916119559634031,0.004864351134459159,5.719990179419137,0.0
19.0,180.0,0.22080407072576236,-0.005839233434643987,0.31,47.89953074358513,8.923823823339141,0.21778675167618106,2.0,2.0,0.4916119559634031,0.004864351134459159,4.9658774934379935,0.0
19.0,190.0,0.1760320357540195,-0.004477203497174287,0.29,49.89679108953828,8.910115880346773,0.21778675167618106,2.0,2.0,0.4916119559634031,0.004864351134459159,4.645733918580008,0.0
19.0,200.0,0.17721707946085274,0.00011850437068332554,0.3,51.58147572329031,8.89085676927332,0.21778675167618106,2.0,2.0,0.4916119559634031,0.004864351134459159,4.522286374549009,0.0
19.0,210.0,0.17327985884098496,-0.0003937220619867787,0.31,53.322353488967394,8.866083150931338,0.21778675167618106,2.0,2.0,0.4916119559634031,0.004864351134459159,4.11295164177926,0.0
19.0,220.0,0.1598597120727412,-0.0013420146768243768,0.31,55.02846952064644,8.835842183311364,0.21778675167618106,2.0,2.0,0.4916119559634031,0.004864351134459159,3.605940326218325,0.0
19.0,230.0,0.1482199964928732,-0.0011639715579867982,0.31,56.64265572014581,8.800191431814056,0.21778675167618106,2.0,2.0,0.4916119559634031,0.004864351134459159,3.0042627765194316,0.0
19.0,240.0,0.10264840328166613,-0.004557159321120707,0.29,57.954828328334955,8.75919875967115,0.21778675167618106,2.0,2.0,0.4916119559634031,0.004864351134459159,2.826549754779119,0.0
19.0,250.0,0.11858444820301628,0.0015936044921350146,0.3,59.093201867085746,8.712942198763933,0.21778675167618106,2.0,2.0,0.4916119559634031,0.004864351134459159,2.6801439482096576,0.0
19.0,260.0,0.1165081265107375,-0.0002076321692278782,0.31,60.28837930666792,8.661509801085153,0.21778675167618106,2.0,2.0,0.4916119559634031,0.004864351134459159,2.491410878393817,0.0
19.0,270.0,0.10963433362245212,-0.0006873792888285379,0.3,61.36244928995063,8.604999471127002,0.21778675167618106,2.0,2.0,0.4916119559634031,0.004864351134459159,2.2876636554721133,0.0
19.0,280.0,0.102623027697053,-0.0007011305925399113,0.3,62.411301017845034,8.543518779514407,0.21778675167618106,2.0,2.0,0.439863329019887,0.004661669837190028,2.128716857768629,0.0
19.0,290.0,0.09962169453477543,-0.00030013331622775753,0.32,63.393383237857975,8.477184758238181,0.21778675167618106,2.0,2.0,0.439863329019887,0.004661669837190028,1.8778115507053321,0.0
19.0,300.0,0.07421416666312908,-0.002540752787164635,0.3,64.30692806636047,8.406123677878007,0.21778675167618106,2.0,2.0,0.439863329019887,0.004661669837190028,1.6142454562913529,0.0
19.0,0.0,-2.341865473203658,0.0,0.0,0.0,8.242682437445971,0.21778675167618106,0.0,2.0,0.5174862694351612,0.004053625945382633,119.41825819110005,1.0
19.0,10.0,-1.950794887920324,0.039107058528333384,0.0,0.0,8.323190040812591,0.21778675167618106,0.0,3.0,0.5174862694351612,0.004053625945382633,80.57397506359709,1.0
19.0,20.0,-1.4547603143592482,0.049603457356107584,0.0,0.0,8.399263722792355,0.21778675167618106,1.0,3.0,0.5174862694351612,0.004053625945382633,44.754365948227566,1.0
19.0,30.0,-1.0280174781936893,0.0426742836165559,0.0,0.0,8.47075867280789,0.21778675167618106,1.0,3.0,0.5174862694351612,0.004053625945382633,20.065858180746396,1.0
19.0,40.0,-0.5614310884576241,0.04665863897360652,0.0,0.0,8.537538796158323,0.21778675167618106,1.0,3.0,0.6799861738931539,3.395031256284235e-05,12.379339888698004,1.0
19.0,50.0,-0.14779021328381248,0.041364087517381166,0.0,0.0,8.59947697308332,0.21778675167618106,2.0,3.0,0.6799861738931539,3.395031256284235e-05,18.655092946672625,1.0
19.0,60.0,0.26088886633680275,0.04086790796206152,0.25,0.8026321969498973,8.65645530074277,0.21778675167618106,2.0,3.0,0.6799861738931539,3.395031256284235e-05,24.862635523393507,1.0
19.0,70.0,0.6443512336815971,0.038346236734479434,0.42,5.333045368542745,8.708365317651548,0.21778675167618106,2.0,3.0,0.6799861738931539,3.395031256284235e-05,22.291488703203587,1.0
19.0,80.0,0.7231769038906819,0.007882567020908482,0.49,12.373084053667394,8.755108210142083,0.21778675167618106,2.0,2.0,0.6799861738931539,3.395031256284235e-05,14.102762961450967,1.0
19.0,90.0,0.493098236108267,-0.023007866778241494,0.35000000000000003,18.626566235785916,8.796595000461828,0.21778675167618106,2.0,2.0,0.5433605829069192,0.004458988539920897,8.363866863636563,1.0
19.0,100.0,0.2565879855779478,-0.023651025053031915,0.25,22.52580492822705,8.832746716147462,0.21778675167618106,2.0,2.0,0.6799861738931539,3.395031256284235e-05,8.208038798292963,1.0
19.0,110.0,0.19995508274548257,-0.005663290283246525,0.25,24.835527954653585,8.863494540353436,0.21778675167618106,2.0,2.0,0.5433605829069192,0.004458988539920897,9.464943263052977,1.0
19.0,120.0,0.26765014372789153,0.006769506098240896,0.25,27.106573171993094,8.8887799428488,0.21778675167618106,2.0,2.0,0.5433605829069192,0.004458988539920897,10.449412909507654,1.0
19.0,130.0,0.2993240762572036,0.0031673932529312056,0.25,29.99841010194521,8.908554791432756,0.21778675167618106,2.0,2.0,0.5433605829069192,0.004458988539920897,11.165742370720436,1.0
19.0,140.0,0.3965970959675147,0.00972730197103111,0.26,33.49239088658428,8.922781443557106,0.21778675167618106,2.0,2.0,0.5433605829069192,0.004458988539920897,11.727877298124554,1.0
19.0,150.0,0.42392557057467783,0.0027328474607163145,0.29,37.6745230026153,8.93143281798094,0.21778675167618106,2.0,2.0,0.5433605829069192,0.004458988539920897,11.356300250926367,1.0
19.0,160.0,0.4571040122056367,0.0033178441630958844,0.3,41.989750023306065,8.934492446321336,0.21778675167618106,2.0,2.0,0.5433605829069192,0.004458988539920897,10.76942844798293,1.0
19.0,170.0,0.44280522087711205,-0.001429879132852463,0.31,46.52066956188348,8.931954504401837,0.21778675167618106,2.0,2.0,0.5433605829069192,0.004458988539920897,9.784077872800292,1.0
19.0,180.0,0.4081868217148248,-0.003461839916228726,0.29,50.93858473483027,8.923823823339141,0.21778675167618106,2.0,2.0,0.4916119559634031,0.004864351134459159,9.155449810215966,1.0
19.0,190.0,0.39933912496097435,-0.0008847696753850442,0.28,55.023941080832216,8.910115880346773,0.21778675167618106,2.0,2.0,0.4916119559634031,0.004864351134459159,9.132287316768117,1.0
19.0,200.0,0.4201250092897162,0.0020785884328741846,0.29,59.01577349282043,8.89085676927332,0.21778675167618106,2.0,2.0,0.4916119559634031,0.004864351134459159,9.42607637552947,1.0
19.0,210.0,0.4180922385082404,-0.000203277078147579,0.29,63.25084970439951,8.866083150931338,0.21778675167618106,2.0,2.0,0.5433605829069192,0.004458988539920897,9.452970558258174,1.0
19.0,220.0,0.4529842431017528,0.003489200459351238,0.31,67.65150269478043,8.835842183311364,0.21778675167618106,2.0,2.0,0.5174862694351612,0.004053625945382633,9.244327452706752,1.0
19.0,230.0,0.4239371029618262,-0.0029047140139926595,0.29,71.93814889278269,8.800191431814056,0.21778675167618106,2.0,2.0,0.5174862694351612,0.004053625945382633,9.060429298356643,1.0
19.0,240.0,0.3935864794904802,-0.0030350623471345982,0.28,76.0561065064613,8.75919875967115,0.21778675167618106,2.0,2.0,0.5174862694351612,0.004053625945382633,9.207783298314284,1.0
19.0,250.0,0.41380943737533826,0.002022295788485806,0.28,80.15672479963902,8.712942198763933,0.21778675167618106,2.0,2.0,0.5174862694351612,0.004053625945382633,9.574076739758862,1.0
19.0,260.0,0.44202416418784196,0.0028214726812503697,0.29,84.39108739377298,8.661509801085153,0.21778675167618106,2.0,2.0,0.5174862694351612,0.004053625945382633,9.739799418699906,1.0
19.0,270.0,0.44123723327184905,-7.869309159929117e-05,0.3,88.77983769618228,8.604999471127002,0.21778675167618106,2.0,2.0,0.5174862694351612,0.004053625945382633,9.605273906827247,1.0
19.0,280.0,0.42193296168503025,-0.0019304271586818799,0.28,93.05959549326457,8.543518779514407,0.21778675167618106,2.0,2.0,0.5174862694351612,0.004053625945382633,9.526204558303265,1.0
19.0,290.0,0.4109950641729867,-0.0010937897512043548,0.29,97.39717168048205,8.477184758238181,0.21778675167618106,2.0,2.0,0.5174862694351612,0.004053625945382633,9.478906291911358,1.0
19.0,300.0,0.4116830998298582,6.880356568714774e-05,0.29,101.61064470045307,8.406123677878007,0.21778675167618106,2.0,2.0,0.5174862694351612,0.004053625945382633,9.577356296626707,1.0
19.0,0.0,-2.362073680237419,0.0,0.0,0.0,8.242682437445971,0.21778675167618106,0.0,2.0,0.5174862694351612,0.004053625945382633,119.5294029609288,2.0
19.0,10.0,-1.9433355940219954,0.04187380862154235,0.0,0.0,8.323190040812591,0.21778675167618106,0.0,3.0,0.5174862694351612,0.004053625945382633,80.53294908330952,2.0
19.0,20.0,-1.4859448494432073,0.045739074457878816,0.0,0.0,8.399263722792355,0.21778675167618106,1.0,3.0,0.5174862694351612,0.004053625945382633,44.9258620537073,2.0
19.0,30.0,-1.0108723942034032,0.047507245523980404,0.0,0.0,8.47075867280789,0.21778675167618106,1.0,3.0,0.5174862694351612,0.004053625945382633,19.972161737464543,2.0
19.0,40.0,-0.5623794409927676,0.04484929532106356,0.0,0.0,8.537538796158323,0.21778675167618106,1.0,3.0,0.6799861738931539,3.395031256284235e-05,12.382637096892768,2.0
19.0,50.0,-0.16453846829423924,0.03978409726985284,0.0,0.0,8.59947697308332,0.21778675167618106,2.0,3.0,0.6799861738931539,3.395031256284235e-05,18.674518097676696,2.0
19.0,60.0,0.25875353622231856,0.04232920045165578,0.0,0.7400050673452689,8.65645530074277,0.21778675167618106,2.0,3.0,0.6799861738931539,3.395031256284235e-05,27.776752339064767,2.0
19.0,70.0,0.6647116267660458,0.040595809054372725,0.3,5.142507430098611,8.708365317651548,0.21778675167618106,2.0,3.0,0.6799861738931539,3.395031256284235e-05,30.611143132492227,2.0
19.0,80.0,0.8494243930950063,0.01847127663289605,0.43,12.937155601563216,8.755108210142083,0.21778675167618106,3.0,2.0,0.6799861738931539,3.395031256284235e-05,24.647005928708833,2.0
19.0,90.0,0.7767095589229456,-0.0072714834172060705,0.45,21.291098454095795,8.796595000461828,0.21778675167618106,3.0,2.0,0.5433605829069192,0.004458988539920897,15.434671095065076,2.0
19.0,100.0,0.5688211549338433,-0.020788840398910224,0.39,28.162289588094726,8.832746716147462,0.21778675167618106,2.0,2.0,0.5433605829069192,0.004458988539920897,8.954513201804279,2.0
19.0,110.0,0.36585435672493816,-0.020296679820890517,0.31,32.794340949980196,8.863494540353436,0.21778675167618106,2.0,2.0,0.5433605829069192,0.004458988539920897,7.0951936042874175,2.0
19.0,120.0,0.21754606604623916,-0.0148308290678699,0.26,35.63702056968557,8.8887799428488,0.21778675167618106,2.0,2.0,0.4916119559634031,0.004864351134459159,7.11073901399571,2.0
19.0,130.0,0.186243861206151,-0.0031302204840088165,0.26,37.64562043153876,8.908554791432756,0.21778675167618106,2.0,2.0,0.4916119559634031,0.004864351134459159,7.820921214385363,2.0
19.0,140.0,0.26428292890505745,0.007803906769890645,0.29,39.8884623525296,8.922781443557106,0.21778675167618106,2.0,2.0,0.4916119559634031,0.004864351134459159,7.843261292343019,2.0
19.0,150.0,0.27269491766725196,0.0008411988762194511,0.32,42.645296573480806,8.93143281798094,0.21778675167618106,2.0,2.0,0.4916119559634031,0.004864351134459159,6.943846037975773,2.0
19.0,160.0,0.2786701994904952,0.0005975281823243251,0.34,45.44091301012344,8.934492446321336,0.21778675167618106,2.0,2.0,0.4916119559634031,0.004864351134459159,5.647973518212053,2.0
19.0,170.0,0.21607305603395588,-0.006259714345653933,0.32,47.97610262343876,8.931954504401837,0.21778675167618106,2.0,2.0,0.4916119559634031,0.004864351134459159,4.470628095418549,2.0
19.0,180.0,0.16223220674013916,-0.005384084929381671,0.31,49.91668205237191,8.923823823339141,0.21778675167618106,2.0,2.0,0.4916119559634031,0.004864351134459159,3.78895736599421,2.0
19.0,190.0,0.13863153977012033,-0.0023600666970018834,0.3,51.371407973729774,8.910115880346773,0.21778675167618106,2.0,2.0,0.4916119559634031,0.004864351134459159,3.531347652248533,2.0
19.0,200.0,0.12609650661854488,-0.0012535033151575448,0.31,52.68836600838308,8.89085676927332,0.21778675167618106,2.0,2.0,0.4916119559634031,0.004864351134459159,3.3199508322849556,2.0
19.0,210.0,0.10125773044569186,-0.0024838776172853017,0.3,53.88041192279833,8.866083150931338,0.21778675167618106,2.0,2.0,0.4916119559634031,0.004864351134459159,3.179820552695273,2.0
19.0,220.0,0.09479602199143855,-0.0006461708454253313,0.3,54.799619916552075,8.835842183311364,0.21778675167618106,2.0,2.0,0.4916119559634031,0.004864351134459159,3.147210468910555,2.0
19.0,230.0,0.1432349393575194,0.004843891736608086,0.32,55.882782564380165,8.800191431814056,0.21778675167618106,2.0,2.0,0.4916119559634031,0.004864351134459159,2.7532464946779576,2.0
19.0,240.0,0.09649250119538877,-0.004674243816213064,0.31,57.122648143454676,8.75919875967115,0.21778675167618106,2.0,2.0,0.4916119559634031,0.004864351134459159,2.08400546213941,2.0
19.0,250.0,0.10383313770491043,0.0007340636509521658,0.31,58.025154270658255,8.712942198763933,0.21778675167618106,2.0,2.0,0.4916119559634031,0.004864351134459159,1.7253121998320549,2.0
19.0,260.0,0.06871514834779546,-0.0035117989357114966,0.3,58.767276973469734,8.661509801085153,0.21778675167618106,2.0,2.0,0.4916119559634031,0.004864351134459159,1.447623041284739,2.0
19.0,270.0,0.06958845604886932,8.733077010738554e-05,0.31,59.4410132451498,8.604999471127002,0.21778675167618106,2.0,2.0,0.4916119559634031,0.004864351134459159,1.1967544676601654,2.0
19.0,280.0,0.056839117156744834,-0.0012749338892124485,0.3,59.94283604177612,8.543518779514407,0.21778675167618106,2.0,2.0,0.4916119559634031,0.004864351134459159,1.0698541156636014,2.0
19.0,290.0,0.0515693635442922,-0.0005269753612452633,0.31,60.52362387114728,8.477184758238181,0.21778675167618106,2.0,2.0,0.4916119559634031,0.004864351134459159,0.8787341966442982,2.0
19.0,300.0,0.03914269096913614,-0.001242667257515606,0.31,61.06733138671524,8.406123677878007,0.21778675167618106,2.0,2.0,0.4916119559634031,0.004864351134459159,0.6714954922792115,2.0
20.0,0.0,0.3520389613079402,0.0,0.0,0.0,8.028692334611875,0.14707167632210577,2.0,2.0,0.9982692345257348,0.00953652689649285,13.741704324118645,0.0
20.0,10.0,0.5379812165456173,0.018594225523767705,0.27,4.391877277882166,8.15100857982221,0.14707167632210577,2.0,2.0,0.9982692345257348,0.00953652689649285,16.33189996076373,0.0
20.0,20.0,0.6223824919173673,0.008440127537175001,0.37,10.507461536462934,8.270810394677333,0.14707167632210577,2.0,2.0,0.9982692345257348,0.00953652689649285,14.009273736697843,0.0
20.0,30.0,0.5981039657550795,-0.002427852616228776,0.38,16.736206585134646,8.38786972961357,0.14707167632210577,2.0,2.0,0.9982692345257348,0.00953652689649285,11.471509274158954,0.0
20.0,40.0,0.566588728034759,-0.00315152377203205,0.37,22.59380499991668,8.501963755533666,0.14707167632210577,2.0,2.0,0.9982692345257348,0.00953652689649285,9.395328898600916,0.0
20.0,50.0,0.5053378670058208,-0.006125086102893818,0.37,27.622710013790595,8.612875287974582,0.14707167632210577,2.0,2.0,0.9982692345257348,0.00953652689649285,8.301077195547357,0.0
20.0,60.0,0.4519996115258529,-0.005333825547996796,0.36,32.20986477475932,8.720393200530538,0.14707167632210577,2.0,2.0,0.9982692345257348,0.00953652689649285,7.762307740499524,0.0
20.0,70.0,0.3748789376078747,-0.007712067391797817,0.36,36.2795924266542,8.824312826744055,0.14707167632210577,2.0,2.0,0.9982692345257348,0.00953652689649285,7.369941394022083,0.0
20.0,80.0,0.3055082039502217,-0.0069370733657653,0.33,39.84797138797988,8.92443634970023,0.14707167632210577,2.0,2.0,0.9982692345257348,0.00953652689649285,7.254711473469657,0.0
20.0,90.0,0.3535591965585283,0.0048050992608306585,0.36,43.41754680878883,9.020573178582467,0.14707167632210577,2.0,2.0,0.9982692345257348,0.00953652689649285,7.376153560199201,0.0
20.0,100.0,0.301856797845776,-0.005170239871275228,0.37,46.66941279219957,9.112540311472927,0.14707167632210577,2.0,2.0,0.9982692345257348,0.00953652689649285,7.233384476878914,0.0
20.0,110.0,0.28991481341721226,-0.0011941984428563758,0.35000000000000003,49.80747056177789,9.200162683707092,0.14707167632210577,2.0,2.0,0.9982692345257348,0.00953652689649285,7.162552357559343,0.0
20.0,120.0,0.21263640240416493,-0.007727841101304733,0.35000000000000003,52.76042080683678,9.283273501119275,0.14707167632210577,2.0,2.0,0.4916119559634031,0.004864351134459159,6.603133282437017,0.0
20.0,130.0,0.20350709218577734,-0.0009129310218387587,0.33,55.048290898297935,9.361714557544822,0.14707167632210577,2.0,2.0,0.4916119559634031,0.004864351134459159,6.362424429572623,0.0
20.0,140.0,0.2299782179366332,0.002647112575085586,0.36,57.100001459499154,9.435336535974528,0.14707167632210577,2.0,2.0,0.4916119559634031,0.004864351134459159,6.255706831989128,0.0
20.0,150.0,0.27363639138578577,0.004365817344915257,0.36,59.42515762367994,9.503999292788066,0.14707167632210577,2.0,2.0,0.4916119559634031,0.004864351134459159,5.663483779628912,0.0
20.0,160.0,0.20103180749475058,-0.007260458389103519,0.35000000000000003,62.00058437515173,9.567572124525284,0.14707167632210577,2.0,2.0,0.4916119559634031,0.004864351134459159,4.68446788973123,0.0
20.0,170.0,0.15764923260926267,-0.004338257488548792,0.36,63.82979362897807,9.625934016687744,0.14707167632210577,2.0,2.0,0.4916119559634031,0.004864351134459159,4.524938243004864,0.0
20.0,180.0,0.2391792626299285,0.008153003002066584,0.4,65.71603267539675,9.678973874096634,0.14707167632210577,2.0,2.0,0.9982692345257348,0.00953652689649285,4.082903721866746,0.0
20.0,190.0,0.12871485483762868,-0.011046440779229982,0.34,67.56637717709485,9.726590732368791,0.14707167632210577,2.0,2.0,0.9982692345257348,0.00953652689649285,9.196123377508302,0.0
20.0,200.0,0.17833435870626602,0.0049619503868637335,0.34,68.68756733040681,9.768693950108123,0.7164513426806847,2.0,2.0,0.9982692345257348,0.00953652689649285,25.655400682173227,0.0
20.0,210.0,0.7264891284128439,0.054815476970657785,0.65,72.99944664945296,9.805203381446681,0.7164513426806847,2.0,3.0,0.5433605829069192,0.004458988539920897,26.709513377681755,0.0
20.0,220.0,0.9064375235099753,0.017994839509713145,0.81,81.95204401411203,9.836049528606843,0.14707167632210577,3.0,2.0,0.5174862694351612,0.004053625945382633,13.366346432092636,0.0
20.0,230.0,0.4677468524803743,-0.0438690671029601,0.64,89.26487628534859,9.861173674194312,0.14707167632210577,2.0,1.0,0.5174862694351612,0.004053625945382633,4.83858892494535,0.0
20.0,240.0,0.13755842931884033,-0.033018842316153395,0.44,92.04254755517294,9.880527992970002,0.14707167632210577,2.0,1.0,0.5174862694351612,0.004053625945382633,3.2328961621662122,0.0
20.0,250.0,-0.06628752360152745,-0.02038459529203678,0.35000000000000003,92.41528376624854,9.894075642888097,0.14707167632210577,2.0,2.0,0.5174862694351612,0.004053625945382633,3.488336467260658,0.0
20.0,260.0,-0.0927559792929884,-0.0026468455691460945,0.33,91.37270100745106,9.901790835226976,0.14707167632210577,2.0,2.0,0.5174862694351612,0.004053625945382633,2.477252167730423,0.0
20.0,270.0,-0.05451654560792818,0.003823943368506022,0.32,90.22499484949239,9.903658883679519,0.14707167632210577,2.0,2.0,0.5174862694351612,0.004053625945382633,1.1813126002016143,0.0
20.0,280.0,-0.0632210584902353,-0.0008704512882307114,0.36,89.94905026241673,9.899676232309325,0.14707167632210577,2.0,2.0,0.5174862694351612,0.004053625945382633,0.9893542916105814,0.0
20.0,290.0,-0.03199082040883994,0.0031230238081395357,0.34,89.60035516065211,9.889850462319636,0.14707167632210577,2.0,2.0,0.5174862694351612,0.004053625945382633,0.7197125781063903,0.0
20.0,300.0,-0.005963791494338011,0.0026027028914501925,0.34,89.26837012420263,9.874200277622087,0.14707167632210577,2.0,2.0,0.5174862694351612,0.004053625945382633,0.5262267858694283,0.0
20.0,0.0,0.3495800576839905,0.0,0.0,0.0,8.028692334611875,0.14707167632210577,2.0,2.0,0.9982692345257348,0.00953652689649285,13.786456550243072,1.0
20.0,10.0,0.5570174521454376,0.020743739446144716,0.5700000000000001,4.4512039460432895,8.15100857982221,0.14707167632210577,2.0,2.0,0.9982692345257348,0.00953652689649285,9.966089288058255,1.0
20.0,20.0,0.42485950949005513,-0.01321579426553825,0.52,9.62608524276369,8.270810394677333,0.14707167632210577,2.0,2.0,0.9982692345257348,0.00953652689649285,5.708353589816101,1.0
20.0,30.0,0.1684309547920364,-0.025642855469801874,0.3,12.631311995912082,8.38786972961357,0.14707167632210577,2.0,1.0,0.9982692345257348,0.00953652689649285,5.074671139554187,1.0
20.0,40.0,0.1338413014700386,-0.0034589653321997816,0.25,14.19052775215923,8.501963755533666,0.14707167632210577,2.0,2.0,0.9982692345257348,0.00953652689649285,5.497675852486873,1.0
20.0,50.0,0.1371185849780865,0.0003277283508047901,0.29,15.576613071869566,8.612875287974582,0.14707167632210577,2.0,2.0,0.9982692345257348,0.00953652689649285,5.720877632778227,1.0
20.0,60.0,0.15323001464271258,0.0016111429664626086,0.3,16.980082200102025,8.720393200530538,0.14707167632210577,2.0,2.0,0.9982692345257348,0.00953652689649285,5.775329929148872,1.0
20.0,70.0,0.18269782676632929,0.002946781212361671,0.38,18.8735685558032,8.824312826744055,0.14707167632210577,2.0,2.0,0.9982692345257348,0.00953652689649285,4.957757012499328,1.0
20.0,80.0,0.15636434707893798,-0.0026333479687391304,0.38,20.787933720347006,8.92443634970023,0.14707167632210577,2.0,2.0,0.9982692345257348,0.00953652689649285,4.105041297333985,1.0
20.0,90.0,0.13788774192920172,-0.001847660514973626,0.31,22.235107853952005,9.020573178582467,0.14707167632210577,2.0,2.0,0.9982692345257348,0.00953652689649285,3.703560641631157,1.0
20.0,100.0,0.07952793437985406,-0.005835980754934767,0.29,23.46320819238106,9.112540311472927,0.14707167632210577,2.0,2.0,0.9982692345257348,0.00953652689649285,3.663765258208498,1.0
20.0,110.0,0.1678656733690289,0.008833773898917485,0.41000000000000003,24.805553435500702,9.200162683707092,0.14707167632210577,2.0,2.0,0.9982692345257348,0.00953652689649285,2.8699496575858316,1.0
20.0,120.0,0.04561388564095381,-0.01222517877280751,0.31,25.659663114378528,9.283273501119275,0.14707167632210577,2.0,2.0,0.9982692345257348,0.00953652689649285,3.283191879150778,1.0
20.0,130.0,0.11356371251277508,0.006794982687182127,0.37,26.347432760053533,9.361714557544822,0.14707167632210577,2.0,2.0,0.9982692345257348,0.00953652689649285,3.2146660577047657,1.0
20.0,140.0,0.0946737667421722,-0.0018889945770602878,0.35000000000000003,27.340242187989386,9.435336535974528,0.14707167632210577,2.0,2.0,0.9982692345257348,0.00953652689649285,2.9253266412303014,1.0
20.0,150.0,0.10059507557022229,0.0005921308828050087,0.4,28.46958799302787,9.503999292788066,0.14707167632210577,2.0,2.0,0.9982692345257348,0.00953652689649285,2.2806552766719967,1.0
20.0,160.0,0.040114420971200104,-0.006048065459902219,0.33,29.223755664043622,9.567572124525284,0.14707167632210577,2.0,2.0,0.9982692345257348,0.00953652689649285,2.2697521767116893,1.0
20.0,170.0,0.1105187991367842,0.0070404378165584095,0.39,30.02624138352674,9.625934016687744,0.14707167632210577,2.0,2.0,0.9982692345257348,0.00953652689649285,1.9510891143699163,1.0
20.0,180.0,0.08857137034409845,-0.002194742879268574,0.37,30.81934500822432,9.678973874096634,0.14707167632210577,2.0,2.0,0.9982692345257348,0.00953652689649285,6.369949223160081,1.0
20.0,190.0,0.02851424386571466,-0.006005712647838379,0.34,31.408953914894035,9.726590732368791,0.14707167632210577,2.0,2.0,0.9982692345257348,0.00953652689649285,17.37169877299595,1.0
20.0,200.0,0.10012092838182696,0.0071606684516112296,0.34,31.763249855202183,9.768693950108123,0.7164513426806847,2.0,2.0,0.9982692345257348,0.00953652689649285,19.13194309088958,1.0
20.0,210.0,0.6433483934789805,0.05432274650971536,0.81,34.95124897492679,9.805203381446681,0.7164513426806847,2.0,3.0,0.9982692345257348,0.00953652689649285,18.886382587556753,1.0
20.0,220.0,0.6959933800209335,0.005264498654195293,1.0,36.23713391746418,9.836049528606843,0.14707167632210577,2.0,2.0,0.5174862694351612,0.004053625945382633,8.035262827691739,1.0
20.0,230.0,0.07066984510678509,-0.06253235349141484,0.65,39.325779731213295,9.861173674194312,0.14707167632210577,2.0,1.0,0.5433605829069192,0.004458988539920897,7.648519103085953,1.0
20.0,240.0,-0.3639346406828885,-0.04346044857896736,0.0,37.72329572356368,9.880527992970002,0.14707167632210577,2.0,1.0,0.9982692345257348,0.00953652689649285,8.003170965562886,1.0
20.0,250.0,-0.336810184627506,0.0027124456055382497,0.0,37.09147351994625,9.894075642888097,0.14707167632210577,2.0,2.0,0.9982692345257348,0.00953652689649285,4.640697597633408,1.0
20.0,260.0,-0.015042624991110642,0.03217675596363954,0.29,35.11984470817076,9.901790835226976,0.14707167632210577,2.0,3.0,0.9982692345257348,0.00953652689649285,4.699446804560576,1.0
20.0,270.0,0.24342879745403678,0.025847142244514742,0.55,36.87022688395729,9.903658883679519,0.14707167632210577,2.0,3.0,0.9982692345257348,0.00953652689649285,4.223830493652706,1.0
20.0,280.0,0.16044469120600624,-0.008298410624803054,0.56,38.925969730717576,9.899676232309325,0.14707167632210577,2.0,2.0,0.439863329019887,0.004661669837190028,2.078313746843632,1.0
20.0,290.0,-0.09428027252410942,-0.025472496373011567,0.29,39.35472709774686,9.889850462319636,0.14707167632210577,2.0,1.0,0.9982692345257348,0.00953652689649285,3.2657313089442863,1.0
20.0,300.0,-0.10377684969494894,-0.0009496577170839515,0.27,37.99124456339992,9.874200277622087,0.14707167632210577,2.0,2.0,0.9982692345257348,0.00953652689649285,1.9834079337837154,1.0
20.0,0.0,0.3913304312374919,0.0,0.0,0.0,8.028692334611875,0.14707167632210577,2.0,2.0,0.9982692345257348,0.00953652689649285,13.764479235147615,2.0
20.0,10.0,0.535492001991436,0.014416157075394408,0.25,4.521211913697734,8.15100857982221,0.14707167632210577,2.0,2.0,0.9982692345257348,0.00953652689649285,16.903373264815368,2.0
20.0,20.0,0.6758077948416883,0.014031579285025231,0.34,10.791648842769526,8.270810394677333,0.14707167632210577,2.0,2.0,0.9982692345257348,0.00953652689649285,16.017678626822065,2.0
20.0,30.0,0.6755631468764456,-2.446479652427058e-05,0.38,17.433501690361442,8.38786972961357,0.14707167632210577,2.0,2.0,0.9982692345257348,0.00953652689649285,13.903939053453591,2.0
20.0,40.0,0.5884186435636387,-0.008714450331280687,0.39,23.79197517097395,8.501963755533666,0.14707167632210577,2.0,2.0,0.9982692345257348,0.00953652689649285,11.382949746380008,2.0
20.0,50.0,0.5103231129402843,-0.007809553062335439,0.36,29.180937360764535,8.612875287974582,0.14707167632210577,2.0,2.0,0.9982692345257348,0.00953652689649285,9.815371956402494,2.0
20.0,60.0,0.4973379631856609,-0.0012985149754623393,0.4,34.5559105983447,8.720393200530538,0.14707167632210577,2.0,2.0,0.9982692345257348,0.00953652689649285,8.840269738982204,2.0
20.0,70.0,0.43155981081307715,-0.006577815237258378,0.39,39.410024349786056,8.824312826744055,0.14707167632210577,2.0,2.0,0.9982692345257348,0.00953652689649285,7.995321532907175,2.0
20.0,80.0,0.370948008353043,-0.006061180246003417,0.36,43.328604575717776,8.92443634970023,0.14707167632210577,2.0,2.0,0.9982692345257348,0.00953652689649285,7.442026031229944,2.0
20.0,90.0,0.2915567880680925,-0.00793912202849505,0.36,46.58813762782049,9.020573178582467,0.14707167632210577,2.0,2.0,0.9982692345257348,0.00953652689649285,7.1271058918348595,2.0
20.0,100.0,0.27226655051129,-0.0019290237556802482,0.34,49.214411291023836,9.112540311472927,0.14707167632210577,2.0,2.0,0.9982692345257348,0.00953652689649285,7.116460573178325,2.0
20.0,110.0,0.26424188371385426,-0.0008024666797435742,0.36,51.96560002715927,9.200162683707092,0.14707167632210577,2.0,2.0,0.4916119559634031,0.004864351134459159,6.817709489412541,2.0
20.0,120.0,0.2663856180833548,0.00021437343695005496,0.37,54.56273576541122,9.283273501119275,0.14707167632210577,2.0,2.0,0.4916119559634031,0.004864351134459159,6.0096734452021,2.0
20.0,130.0,0.20167529560797703,-0.006471032247537778,0.36,57.004115977268995,9.361714557544822,0.14707167632210577,2.0,2.0,0.4916119559634031,0.004864351134459159,5.2084141835340665,2.0
20.0,140.0,0.19302305037979295,-0.0008652245228184085,0.37,59.06294380230695,9.435336535974528,0.14707167632210577,2.0,2.0,0.4916119559634031,0.004864351134459159,4.566510429161495,2.0
20.0,150.0,0.1476119713825952,-0.004541107899719776,0.35000000000000003,60.89270202835328,9.503999292788066,0.14707167632210577,2.0,2.0,0.4916119559634031,0.004864351134459159,4.109550905182406,2.0
20.0,160.0,0.14226560367859875,-0.0005346367703996435,0.36,62.45480536316509,9.567572124525284,0.14707167632210577,2.0,2.0,0.4916119559634031,0.004864351134459159,3.6624476222095828,2.0
20.0,170.0,0.15354596108679885,0.0011280357408200103,0.35000000000000003,63.6977061685342,9.625934016687744,0.14707167632210577,2.0,2.0,0.4916119559634031,0.004864351134459159,3.618839666313554,2.0
20.0,180.0,0.19998612830345408,0.004644016721665522,0.37,65.02846962280688,9.678973874096634,0.14707167632210577,2.0,2.0,0.9982692345257348,0.00953652689649285,3.689400806594492,2.0
20.0,190.0,0.09983926024975887,-0.010014686805369521,0.37,66.45171110784467,9.726590732368791,0.14707167632210577,2.0,2.0,0.9982692345257348,0.00953652689649285,8.035796368721691,2.0
20.0,200.0,0.21252209308118708,0.011268283283142822,0.38,67.80630650081507,9.768693950108123,0.7164513426806847,2.0,2.0,0.9982692345257348,0.00953652689649285,19.781124764253573,2.0
20.0,210.0,0.6464283803377278,0.043390628725654065,0.59,71.49568232166433,9.805203381446681,0.7164513426806847,2.0,3.0,0.9982692345257348,0.00953652689649285,24.347706305475437,2.0
20.0,220.0,0.8894307420809895,0.024300236174326174,0.77,79.67615817110723,9.836049528606843,0.14707167632210577,3.0,2.0,0.5174862694351612,0.004053625945382633,13.18497848052106,2.0
20.0,230.0,0.48789344520441347,-0.040153729687657604,0.63,86.89751989658987,9.861173674194312,0.14707167632210577,2.0,1.0,0.5174862694351612,0.004053625945382633,4.694671260532137,2.0
20.0,240.0,0.12867524684061848,-0.0359218198363795,0.48,89.86414588391315,9.880527992970002,0.14707167632210577,2.0,1.0,0.5174862694351612,0.004053625945382633,3.027134641103393,2.0
20.0,250.0,-0.11431439045033898,-0.024298963729095745,0.39,90.07014281635148,9.894075642888097,0.14707167632210577,2.0,2.0,0.5174862694351612,0.004053625945382633,4.113338238267342,2.0
20.0,260.0,-0.1033215687219382,0.001099282172840077,0.37,89.1695327567347,9.901790835226976,0.14707167632210577,2.0,2.0,0.5174862694351612,0.004053625945382633,4.425230450089534,2.0
20.0,270.0,-0.19136046226789105,-0.008803889354595284,0.33,87.58654873884825,9.903658883679519,0.14707167632210577,2.0,2.0,0.5174862694351612,0.004053625945382633,3.769353382792587,2.0
20.0,280.0,-0.14436121969771776,0.00469992425701733,0.34,85.84234048079064,9.899676232309325,0.14707167632210577,2.0,2.0,0.5174862694351612,0.004053625945382633,2.9019006796522873,2.0
20.0,290.0,-0.15349975711360742,-0.0009138537415889659,0.33,84.2693097769317,9.889850462319636,0.14707167632210577,2.0,2.0,0.5174862694351612,0.004053625945382633,2.268994996958435,2.0
20.0,300.0,-0.05901772337758615,0.009448203373602127,0.35000000000000003,83.00913833824399,9.874200277622087,0.14707167632210577,2.0,2.0,0.5174862694351612,0.004053625945382633,1.6016663416879853,2.0
21.0,0.0,2.7781520616095285,0.0,0.0,0.0,4.919064977697506,0.19846015959212054,3.0,2.0,0.5174862694351612,0.004053625945382633,209.62053902969308,0.0
21.0,10.0,3.0960750921389355,0.031792303052940694,0.75,0.0,4.949388593324485,0.19846015959212054,3.0,3.0,0.5433605829069192,0.004458988539920897,182.24814019085667,0.0
21.0,20.0,3.187634043449524,0.009155895131058855,1.0,0.0,4.980194842939181,0.19846015959212054,3.0,2.0,0.5433605829069192,0.004458988539920897,119.45145038088936,0.0
21.0,30.0,2.5759002575710603,-0.06117337858784637,1.0,0.0,5.01142508509454,0.19846015959212054,3.0,1.0,0.30353077279447355,0.003489646505396936,56.13541582524145,0.0
21.0,40.0,1.4311499187925882,-0.11447503387784722,0.8300000000000001,6.813532151202654,5.043019871249609,0.19846015959212054,3.0,1.0,0.30353077279447355,0.003489646505396936,30.31681324632593,0.0
21.0,50.0,0.2858472182196401,-0.11453027005729481,0.33,15.868418183162778,5.074919058933212,0.19846015959212054,2.0,1.0,0.30353077279447355,0.003489646505396936,23.04670860065494,0.0
21.0,60.0,-0.6165790040140209,-0.0902426222233661,0.0,16.343567988262883,5.10706192622856,0.19846015959212054,1.0,1.0,0.30353077279447355,0.003489646505396936,21.592453329791134,0.0
21.0,70.0,-0.7380166553943326,-0.01214376513803117,0.0,16.343567988262883,5.139387287360876,0.19846015959212054,1.0,2.0,0.30353077279447355,0.003489646505396936,15.761134162805247,0.0
21.0,80.0,-0.30674219992583573,0.043127445546849684,0.0,16.343567988262883,5.17183360916799,0.19846015959212054,2.0,3.0,0.5433605829069192,0.004458988539920897,23.508687634253537,0.0
21.0,90.0,0.19126315462421317,0.04980053545500489,0.25,16.429516791560076,5.204339128232217,0.19846015959212054,2.0,3.0,0.5433605829069192,0.004458988539920897,37.956370186383346,0.0
21.0,100.0,0.7030867122590756,0.051182355763486245,0.41000000000000003,20.764552363335184,5.236841968450523,0.19846015959212054,2.0,3.0,0.5433605829069192,0.004458988539920897,39.12584286940788,0.0
21.0,110.0,1.030321907177754,0.032723519491867845,0.64,29.543593771072516,5.269280258819215,0.19846015959212054,3.0,3.0,0.5174862694351612,0.004053625945382633,26.13231718661255,0.0
21.0,120.0,0.8697959274869191,-0.016052597969083492,0.63,39.451132855705,5.301592251208898,0.19846015959212054,3.0,2.0,0.30353077279447355,0.003489646505396936,11.143691605069561,0.0
21.0,130.0,0.3949925982061835,-0.04748033292807356,0.42,46.00005654988571,5.333716437905569,0.19846015959212054,2.0,1.0,0.30353077279447355,0.003489646505396936,7.60436159198365,0.0
21.0,140.0,-0.10532834622919296,-0.05003209444353764,0.25,47.471009364046516,5.365591668694034,0.19846015959212054,2.0,1.0,0.439863329019887,0.004661669837190028,8.28489037935611,0.0
21.0,150.0,-0.31812868085251367,-0.021280033462332072,0.0,45.33338404203988,5.397157267260809,0.19846015959212054,2.0,2.0,0.439863329019887,0.004661669837190028,12.221775729253467,0.0
21.0,160.0,-0.1519555500755878,0.016617313077692587,0.0,42.54589925988009,5.42835314669496,0.19846015959212054,2.0,2.0,0.4916119559634031,0.004864351134459159,18.511143790348317,0.0
21.0,170.0,0.3252201809946733,0.04771757310702611,0.32,43.24259659638247,5.459119923866918,0.19846015959212054,2.0,3.0,0.5433605829069192,0.004458988539920897,25.376984929247175,0.0
21.0,180.0,0.6936758182625908,0.03684556372679175,0.56,48.458132145176506,5.489399032467674,0.19846015959212054,2.0,3.0,0.5433605829069192,0.004458988539920897,20.427703018848305,0.0
21.0,190.0,0.7417696767204696,0.004809385845787872,0.62,56.0668934778201,5.51913283449305,0.19846015959212054,2.0,2.0,0.30353077279447355,0.003489646505396936,10.135514729567365,0.0
21.0,200.0,0.36975141516764864,-0.03720182615528209,0.48,62.28787333417758,5.548264729960934,0.19846015959212054,2.0,1.0,0.30353077279447355,0.003489646505396936,8.64831749566012,0.0
21.0,210.0,-0.07781005820937992,-0.044756147337702855,0.26,64.25616379877913,5.576739264652556,0.19846015959212054,2.0,1.0,0.5174862694351612,0.004053625945382633,9.505699291991178,0.0
21.0,220.0,-0.37809148941360604,-0.030028143120422613,0.0,62.127182808802374,5.6045022356727365,0.19846015959212054,1.0,1.0,0.439863329019887,0.004661669837190028,9.874451870218676,0.0
21.0,230.0,-0.32316531827678574,0.00549261711368203,0.0,58.44524144052674,5.631500794628202,0.19846015959212054,2.0,2.0,0.439863329019887,0.004661669837190028,9.959630539436413,0.0
21.0,240.0,0.033580529706725315,0.0356745847983511,0.25,56.600817328674665,5.657683548227482,0.19846015959212054,2.0,3.0,0.4916119559634031,0.004864351134459159,15.962817698019109,0.0
21.0,250.0,0.5013055254815164,0.04677249957747911,0.47000000000000003,59.13121178012196,5.683000656110966,0.19846015959212054,2.0,3.0,0.5433605829069192,0.004458988539920897,15.28545735592108,0.0
21.0,260.0,0.5754368558855916,0.007413133040407516,0.5700000000000001,64.90836427087218,5.7074039257248685,0.19846015959212054,2.0,2.0,0.30353077279447355,0.003489646505396936,8.886529190351336,0.0
21.0,270.0,0.4089051536433388,-0.01665317022422528,0.52,70.239462726215,5.730846904058492,0.19846015959212054,2.0,2.0,0.30353077279447355,0.003489646505396936,7.380494771517891,0.0
21.0,280.0,0.0736861900333281,-0.03352189636100107,0.34,72.83429183645032,5.7532849660701615,0.19846015959212054,2.0,1.0,0.5174862694351612,0.004053625945382633,10.22368252278824,0.0
21.0,290.0,-0.277268240417893,-0.03509544304512211,0.25,71.67973182729658,5.774675399633544,0.19846015959212054,2.0,1.0,0.5174862694351612,0.004053625945382633,9.848068733018835,0.0
21.0,300.0,-0.3535061871781444,-0.007623794676025142,0.0,68.33340143668423,5.794977486842601,0.19846015959212054,2.0,2.0,0.4916119559634031,0.004864351134459159,6.741705642146247,0.0
21.0,0.0,2.7960440280329664,0.0,0.0,0.0,4.919064977697506,0.19846015959212054,3.0,2.0,0.5174862694351612,0.004053625945382633,209.70999858188526,1.0
21.0,10.0,3.090443600870209,0.029439957283724283,0.75,23.04701549655971,4.949388593324485,0.19846015959212054,3.0,3.0,0.5433605829069192,0.004458988539920897,182.21643282261928,1.0
21.0,20.0,3.1891662977858353,0.009872269691562607,1.0,23.04701549655971,4.980194842939181,0.19846015959212054,3.0,2.0,0.4916119559634031,0.004864351134459159,119.45913314647852,1.0
21.0,30.0,2.5383123787754656,-0.06508539190103697,0.92,37.02489464720907,5.01142508509454,0.19846015959212054,3.0,1.0,0.30353077279447355,0.003489646505396936,57.132662253335994,1.0
21.0,40.0,1.4318470923321769,-0.11064652864432886,0.67,57.59121029950943,5.043019871249609,0.19846015959212054,3.0,1.0,0.30353077279447355,0.003489646505396936,21.76517881388713,1.0
21.0,50.0,0.38237192992155045,-0.10494751624106265,0.38,66.90958419412765,5.074919058933212,0.19846015959212054,2.0,1.0,0.30353077279447355,0.003489646505396936,13.117210882484507,1.0
21.0,60.0,-0.2671693877078489,-0.06495413176293993,0.25,67.31576559690353,5.10706192622856,0.19846015959212054,2.0,1.0,0.5174862694351612,0.004053625945382633,12.153478443776534,1.0
21.0,70.0,-0.48746433563961133,-0.02202949479317624,0.0,63.3648382423585,5.139387287360876,0.19846015959212054,1.0,2.0,0.439863329019887,0.004661669837190028,11.426057161705453,1.0
21.0,80.0,-0.3210861955280606,0.01663781401115507,0.0,58.877842973179774,5.17183360916799,0.19846015959212054,2.0,2.0,0.4916119559634031,0.004864351134459159,10.726369587645824,1.0
21.0,90.0,0.1198681608195642,0.04409543563476248,0.25,57.45706039073137,5.204339128232217,0.19846015959212054,2.0,3.0,0.4916119559634031,0.004864351134459159,15.004332627423146,1.0
21.0,100.0,0.4965506846317922,0.0376682523812228,0.35000000000000003,60.552483951788034,5.236841968450523,0.19846015959212054,2.0,3.0,0.5433605829069192,0.004458988539920897,17.154767541220625,1.0
21.0,110.0,0.6403362193670432,0.014378553473525102,0.42,66.16811730796712,5.269280258819215,0.19846015959212054,2.0,2.0,0.5174862694351612,0.004053625945382633,14.523320020416943,1.0
21.0,120.0,0.6004575360989648,-0.0039878683268078415,0.44,72.42663643259132,5.301592251208898,0.19846015959212054,2.0,2.0,0.30353077279447355,0.003489646505396936,9.775694339907485,1.0
21.0,130.0,0.38705496948257334,-0.021340256661639145,0.4,77.72500013659766,5.333716437905569,0.19846015959212054,2.0,2.0,0.30353077279447355,0.003489646505396936,4.519261355929466,1.0
21.0,140.0,0.22462184183155998,-0.016243312765101336,0.36,80.96642648185785,5.365591668694034,0.19846015959212054,2.0,2.0,0.30353077279447355,0.003489646505396936,2.1055345371641665,1.0
21.0,150.0,0.017380124987674606,-0.02072417168438854,0.31,82.33596334509464,5.397157267260809,0.19846015959212054,2.0,2.0,0.30353077279447355,0.003489646505396936,1.048529479270468,1.0
21.0,160.0,-0.03435178753166923,-0.005173191251934384,0.28,82.08034967723621,5.42835314669496,0.19846015959212054,2.0,2.0,0.5174862694351612,0.004053625945382633,0.8628703192181663,1.0
21.0,170.0,-0.047080864469606354,-0.0012729076937937124,0.27,81.62902993290128,5.459119923866918,0.19846015959212054,2.0,2.0,0.5433605829069192,0.004458988539920897,1.1318076904221046,1.0
21.0,180.0,0.03336376890404935,0.008044463337365571,0.29,81.56828445803244,5.489399032467674,0.19846015959212054,2.0,2.0,0.5433605829069192,0.004458988539920897,2.255876156267153,1.0
21.0,190.0,0.11266180294042982,0.007929803403638047,0.32,82.37879155799136,5.51913283449305,0.19846015959212054,2.0,2.0,0.5174862694351612,0.004053625945382633,2.8809678198766275,1.0
21.0,200.0,0.13519170735325403,0.002252990441282421,0.34,83.60793927163422,5.548264729960934,0.19846015959212054,2.0,2.0,0.5174862694351612,0.004053625945382633,3.0133195146252354,1.0
21.0,210.0,0.11836276147647595,-0.0016828945876778078,0.33,84.86810080314679,5.576739264652556,0.19846015959212054,2.0,2.0,0.30353077279447355,0.003489646505396936,2.65823868875506,1.0
21.0,220.0,0.1013325751685521,-0.0017030186307923855,0.33,86.01399646287499,5.6045022356727365,0.19846015959212054,2.0,2.0,0.30353077279447355,0.003489646505396936,1.8107168685716464,1.0
21.0,230.0,0.045211043938781614,-0.005612153122977049,0.31,86.64451894123064,5.631500794628202,0.19846015959212054,2.0,2.0,0.30353077279447355,0.003489646505396936,1.3335535322922922,1.0
21.0,240.0,0.037473584388024506,-0.0007737459550757108,0.32,87.14581961792057,5.657683548227482,0.19846015959212054,2.0,2.0,0.30353077279447355,0.003489646505396936,1.0638239904217222,1.0
21.0,250.0,0.018999684661164196,-0.001847389972686031,0.31,87.6147670892241,5.683000656110966,0.19846015959212054,2.0,2.0,0.30353077279447355,0.003489646505396936,0.9843370671745837,1.0
21.0,260.0,0.016135687805526544,-0.00028639968556376516,0.31,87.81009136792235,5.7074039257248685,0.19846015959212054,2.0,2.0,0.30353077279447355,0.003489646505396936,1.0285777475184945,1.0
21.0,270.0,0.048402625615306505,0.003226693780977996,0.32,88.08674799808006,5.730846904058492,0.19846015959212054,2.0,2.0,0.30353077279447355,0.003489646505396936,0.9664291698132907,1.0
21.0,280.0,0.04966686169439072,0.00012642360790842132,0.32,88.44429312584498,5.7532849660701615,0.19846015959212054,2.0,2.0,0.30353077279447355,0.003489646505396936,0.839984288227859,1.0
21.0,290.0,0.0035137058560756884,-0.004615315583831503,0.31,88.71523206358256,5.774675399633544,0.19846015959212054,2.0,2.0,0.30353077279447355,0.003489646505396936,0.7625065452673487,1.0
21.0,300.0,0.041288636603098894,0.0037774930747023205,0.32,88.84263261725555,5.794977486842601,0.19846015959212054,2.0,2.0,0.30353077279447355,0.003489646505396936,0.8538146658133479,1.0
21.0,0.0,2.7873403243859514,0.0,0.0,0.0,4.919064977697506,0.19846015959212054,3.0,2.0,0.5174862694351612,0.004053625945382633,209.66648019982208,2.0
21.0,10.0,3.1071919228623983,0.0319851598476447,0.75,0.0,4.949388593324485,0.19846015959212054,3.0,3.0,0.5433605829069192,0.004458988539920897,182.30372417054798,2.0
21.0,20.0,3.1926333695342564,0.008544144667185805,1.0,0.0,4.980194842939181,0.19846015959212054,3.0,2.0,0.5433605829069192,0.004458988539920897,119.47644674733442,2.0
21.0,30.0,2.532384656313244,-0.06602487132210122,1.0,0.0,5.01142508509454,0.19846015959212054,3.0,1.0,0.30353077279447355,0.003489646505396936,55.91793379350216,2.0
21.0,40.0,1.4265857185135857,-0.11057989377996584,0.74,13.24624810680466,5.043019871249609,0.19846015959212054,3.0,1.0,0.30353077279447355,0.003489646505396936,24.445488616515533,2.0
21.0,50.0,0.2826681768937114,-0.11439175416198744,0.28,22.240140636660918,5.074919058933212,0.19846015959212054,2.0,1.0,0.30353077279447355,0.003489646505396936,15.601156429385433,2.0
21.0,60.0,-0.5053726592429051,-0.07880408361366165,0.0,22.57663056011846,5.10706192622856,0.19846015959212054,1.0,1.0,0.30353077279447355,0.003489646505396936,15.50106306533236,2.0
21.0,70.0,-0.5463832176171657,-0.00410105583742606,0.0,22.57663056011846,5.139387287360876,0.19846015959212054,1.0,2.0,0.4916119559634031,0.004864351134459159,15.564275883791387,2.0
21.0,80.0,-0.17008451094645238,0.03762987066707133,0.0,22.371844936540892,5.17183360916799,0.19846015959212054,2.0,3.0,0.4916119559634031,0.004864351134459159,25.741185927981167,2.0
21.0,90.0,0.35121569027663924,0.05213002012230916,0.25,23.11796891151735,5.204339128232217,0.19846015959212054,2.0,3.0,0.5433605829069192,0.004458988539920897,34.49153771196547,2.0
21.0,100.0,0.7747832303353483,0.04235675400587091,0.46,28.521335020172142,5.236841968450523,0.19846015959212054,3.0,3.0,0.5433605829069192,0.004458988539920897,32.28892350297488,2.0
21.0,110.0,0.9141331792972771,0.013934994896192876,0.58,37.15413080934148,5.269280258819215,0.19846015959212054,3.0,2.0,0.5174862694351612,0.004053625945382633,20.64354699560891,2.0
21.0,120.0,0.7251348919027194,-0.01889982873945577,0.55,45.72902763709968,5.301592251208898,0.19846015959212054,2.0,2.0,0.30353077279447355,0.003489646505396936,7.767880020203706,2.0
21.0,130.0,0.3115505374063332,-0.04135843544963862,0.4,51.11430935299991,5.333716437905569,0.19846015959212054,2.0,1.0,0.30353077279447355,0.003489646505396936,5.281426163349053,2.0
21.0,140.0,-0.03585735831746106,-0.03474078957237943,0.25,52.43511896028053,5.365591668694034,0.19846015959212054,2.0,1.0,0.5433605829069192,0.004458988539920897,5.8583705858255595,2.0
21.0,150.0,-0.16273816066382096,-0.01268808023463599,0.25,50.999689694448776,5.397157267260809,0.19846015959212054,2.0,2.0,0.439863329019887,0.004661669837190028,4.281040299624849,2.0
21.0,160.0,-0.12985029915135016,0.0032887861512470805,0.25,49.22398942816484,5.42835314669496,0.19846015959212054,2.0,2.0,0.30353077279447355,0.003489646505396936,3.0124664066261735,2.0
21.0,170.0,-0.07272873556528126,0.00571215635860689,0.25,48.02145585194567,5.459119923866918,0.19846015959212054,2.0,2.0,0.4916119559634031,0.004864351134459159,3.8643215244208053,2.0
21.0,180.0,0.04507712928894492,0.011780586485422618,0.25,47.973556083468154,5.489399032467674,0.19846015959212054,2.0,2.0,0.4916119559634031,0.004864351134459159,6.0806895754721735,2.0
21.0,190.0,0.11595744541976671,0.0070880316130821795,0.28,48.84818747760376,5.51913283449305,0.19846015959212054,2.0,2.0,0.4916119559634031,0.004864351134459159,7.696994971221824,2.0
21.0,200.0,0.1857792500581752,0.006982180463840848,0.32,50.49181723535181,5.548264729960934,0.19846015959212054,2.0,2.0,0.4916119559634031,0.004864351134459159,7.918472361473437,2.0
21.0,210.0,0.28966727511549806,0.010388802505732287,0.38,53.06357940759847,5.576739264652556,0.19846015959212054,2.0,2.0,0.4916119559634031,0.004864351134459159,6.2737389197165525,2.0
21.0,220.0,0.25810900188649555,-0.0031558273229002507,0.39,56.185532745522636,5.6045022356727365,0.19846015959212054,2.0,2.0,0.439863329019887,0.004661669837190028,3.8103919813647917,2.0
21.0,230.0,0.2131716211421697,-0.004493738074432585,0.38,58.53929959649353,5.631500794628202,0.19846015959212054,2.0,2.0,0.5174862694351612,0.004053625945382633,1.7231513682525632,2.0
21.0,240.0,0.0506001401039633,-0.01625714810382064,0.3,59.8352953181381,5.657683548227482,0.19846015959212054,2.0,2.0,0.439863329019887,0.004661669837190028,0.8505546140878736,2.0
21.0,250.0,8.1319783269862e-05,-0.0050518820320693434,0.28,59.98458707315695,5.683000656110966,0.19846015959212054,2.0,2.0,0.4916119559634031,0.004864351134459159,1.2379050871365156,2.0
21.0,260.0,-0.025011730135460652,-0.0025093049918730515,0.26,59.70643282013823,5.7074039257248685,0.19846015959212054,2.0,2.0,0.4916119559634031,0.004864351134459159,2.449204699569373,2.0
21.0,270.0,0.0007986466350118349,0.0025810376770472486,0.29,59.70943262496984,5.730846904058492,0.19846015959212054,2.0,2.0,0.4916119559634031,0.004864351134459159,3.7577452274260437,2.0
21.0,280.0,0.1039528442752875,0.010315419764027566,0.33,60.331604292602925,5.7532849660701615,0.19846015959212054,2.0,2.0,0.4916119559634031,0.004864351134459159,4.009537858973788,2.0
21.0,290.0,0.13683706162535358,0.0032884217350066082,0.34,61.70559411362915,5.774675399633544,0.19846015959212054,2.0,2.0,0.4916119559634031,0.004864351134459159,3.0617263133744816,2.0
21.0,300.0,0.1593076683290242,0.0022470606703670626,0.36,63.37307709480831,5.794977486842601,0.19846015959212054,2.0,2.0,0.5433605829069192,0.004458988539920897,1.9918197264372262,2.0
22.0,0.0,-0.25518852637178924,0.0,0.0,0.0,12.381165472277612,0.11997517358737173,2.0,2.0,0.5433605829069192,0.004458988539920897,37.09301528786827,0.0
22.0,10.0,0.3833042021991311,0.06384927285709203,0.25,0.7874022049420901,12.443466389002499,0.11997517358737173,2.0,3.0,0.5433605829069192,0.004458988539920897,47.21331906027366,0.0
22.0,20.0,1.0050309263566213,0.06217267241574902,0.54,7.88929969153655,12.506066391584998,0.11997517358737173,3.0,3.0,0.5433605829069192,0.004458988539920897,37.18709120746622,0.0
22.0,30.0,1.128333008316396,0.012330208195977476,0.65,19.066966784460497,12.568846317362247,0.11997517358737173,3.0,2.0,0.439863329019887,0.004661669837190028,19.206250014581585,0.0
22.0,40.0,0.6398334828263792,-0.048849952549001686,0.48,28.449598220590513,12.631686661177358,0.11997517358737173,2.0,1.0,0.439863329019887,0.004661669837190028,6.705037773620598,0.0
22.0,50.0,-0.016864639682033555,-0.06566981225084127,0.25,31.782563419329197,12.694467802864263,0.11997517358737173,2.0,1.0,0.439863329019887,0.004661669837190028,9.740634221755176,0.0
22.0,60.0,-0.25570668055661017,-0.023884204087457662,0.0,30.632907988605858,12.75707023495151,0.11997517358737173,2.0,2.0,0.5433605829069192,0.004458988539920897,18.942673051722412,0.0
22.0,70.0,0.16651274727402665,0.04222194278306368,0.25,29.665036941820816,12.819374790151532,0.11997517358737173,2.0,3.0,0.5433605829069192,0.004458988539920897,27.022822002248123,0.0
22.0,80.0,0.7382224650998417,0.0571709717825815,0.49,33.932502498328674,12.881262868202352,0.11997517358737173,2.0,3.0,0.5433605829069192,0.004458988539920897,23.480976830447535,0.0
22.0,90.0,0.767104696532293,0.0028882231432451277,0.6,41.98003544885374,12.94261666162991,0.11997517358737173,3.0,2.0,0.439863329019887,0.004661669837190028,13.104158730545056,0.0
22.0,100.0,0.46954419171501627,-0.02975605048172767,0.46,48.37832962234444,13.003319380001297,0.11997517358737173,2.0,1.0,0.5174862694351612,0.004053625945382633,5.833103376486594,0.0
22.0,110.0,-0.015963774883807957,-0.04855079665988242,0.25,50.571010568173634,13.063255472241966,0.11997517358737173,2.0,1.0,0.439863329019887,0.004661669837190028,5.870888633890216,0.0
22.0,120.0,-0.19720855980622787,-0.01812447849224199,0.0,49.35046487011828,13.122310846593802,0.11997517358737173,2.0,2.0,0.4916119559634031,0.004864351134459159,5.33693436784625,0.0
22.0,130.0,-0.029529506889410584,0.016767905291681727,0.25,47.330980478177715,13.180373087795235,0.11997517358737173,2.0,2.0,0.4916119559634031,0.004864351134459159,15.063963910665377,0.0
22.0,140.0,0.48510823234804334,0.05146377392374539,0.4,49.30607129352383,13.237331671070098,0.11997517358737173,2.0,3.0,0.5433605829069192,0.004458988539920897,14.471215443809868,0.0
22.0,150.0,0.6909752956091282,0.020586706326108484,0.56,55.271038623119146,13.293078172517813,0.11997517358737173,2.0,2.0,0.5174862694351612,0.004053625945382633,10.514558746123424,0.0
22.0,160.0,0.3237086032531806,-0.036726669235594755,0.43,60.70527868485678,13.347506475504442,0.11997517358737173,2.0,1.0,0.4916119559634031,0.004864351134459159,12.28750038862351,0.0
22.0,170.0,-0.06041276349706948,-0.03841213667502501,0.25,61.964881005838095,13.400512972661755,0.11997517358737173,2.0,1.0,0.4916119559634031,0.004864351134459159,59.63628241364324,0.0
22.0,180.0,-0.23723099469397013,-0.017681823119690066,0.0,60.30181600933244,13.451996763109722,0.11997517358737173,2.0,2.0,0.4916119559634031,0.004864351134459159,142.5201102494223,0.0
22.0,190.0,1.192792941142514,0.1430023935836484,0.53,62.7465016674027,13.501859844527079,0.8449375701582373,3.0,3.0,0.5174862694351612,0.004053625945382633,230.51320081457243,0.0
22.0,200.0,2.960778389894813,0.1767985448752299,1.0,65.32496000479838,13.550007299704308,0.8449375701582373,3.0,4.0,0.5174862694351612,0.004053625945382633,259.74918633687196,0.0
22.0,210.0,3.9165111028327004,0.09557327129378876,1.0,65.32496000479838,13.596347477223961,0.8449375701582373,4.0,3.0,0.5433605829069192,0.004458988539920897,210.7955121020246,0.0
22.0,220.0,4.041748859072236,0.012523775623953525,1.0,65.32496000479838,13.640792165924328,0.8449375701582373,4.0,2.0,0.4797491654224782,1.4671207125017303e-05,121.98335455108554,0.0
22.0,230.0,2.7542870775935135,-0.1287461781478722,1.0,65.32496000479838,13.683256762814398,0.11997517358737173,3.0,1.0,0.4797491654224782,1.4671207125017303e-05,63.47957793362437,0.0
22.0,240.0,0.9620545843681363,-0.17922324932253772,0.9,67.71639947768693,13.72366043412045,0.11997517358737173,3.0,0.0,0.4797491654224782,1.4671207125017303e-05,61.40340282195822,0.0
22.0,250.0,-0.8336174428965357,-0.1795672027264672,0.0,69.6445599477581,13.761926269157772,0.11997517358737173,1.0,0.0,0.5174862694351612,0.004053625945382633,88.02980619489132,0.0
22.0,260.0,-1.6741842837401535,-0.08405668408436177,0.0,69.6445599477581,13.79798142673447,0.11997517358737173,1.0,1.0,0.4797491654224782,1.4671207125017303e-05,59.8409192305159,0.0
22.0,270.0,-1.349806046167533,0.03243782375726205,0.0,69.6445599477581,13.831757273808872,0.11997517358737173,1.0,3.0,0.4916119559634031,0.004864351134459159,29.913345157652245,0.0
22.0,280.0,-0.6819931930774601,0.06678128530900729,0.0,69.6445599477581,13.863189516136362,0.11997517358737173,1.0,3.0,0.4916119559634031,0.004864351134459159,16.54860899454545,0.0
22.0,290.0,0.0965812802258128,0.07785744733032729,0.3,68.04356202998011,13.892218320657182,0.11997517358737173,2.0,3.0,0.4916119559634031,0.004864351134459159,17.65435657713439,0.0
22.0,300.0,0.6938635133284592,0.05972822331026464,0.62,72.14766127486855,13.918788429392041,0.11997517358737173,2.0,3.0,0.5174862694351612,0.004053625945382633,18.309341136714522,0.0
22.0,0.0,-0.25085345226181843,0.0,0.0,0.0,12.381165472277612,0.11997517358737173,2.0,2.0,0.5433605829069192,0.004458988539920897,37.08489682121055,1.0
22.0,10.0,0.37875190857918284,0.06296053608410013,0.25,0.7908453356715697,12.443466389002499,0.11997517358737173,2.0,3.0,0.5433605829069192,0.004458988539920897,47.19510995701584,1.0
22.0,20.0,1.0348497706324657,0.06560978620532829,0.46,7.852358966737675,12.506066391584998,0.11997517358737173,3.0,3.0,0.5433605829069192,0.004458988539920897,40.90090420877072,1.0
22.0,30.0,1.206041133137493,0.01711913625050272,0.58,19.27892622334178,12.568846317362247,0.11997517358737173,3.0,2.0,0.439863329019887,0.004661669837190028,25.71714962834704,1.0
22.0,40.0,0.8192385781941205,-0.03868025549433725,0.43,29.910811898707628,12.631686661177358,0.11997517358737173,3.0,1.0,0.439863329019887,0.004661669837190028,9.192912899890562,1.0
22.0,50.0,0.32776248422565857,-0.04914760939684619,0.25,35.86818153993318,12.694467802864263,0.11997517358737173,2.0,1.0,0.4916119559634031,0.004864351134459159,5.663747768398338,1.0
22.0,60.0,0.1497012370292481,-0.017806124719641048,0.0,38.356714100429535,12.75707023495151,0.11997517358737173,2.0,2.0,0.4916119559634031,0.004864351134459159,13.530556753151822,1.0
22.0,70.0,0.4289313342508798,0.02792300972216317,0.25,40.813935281199946,12.819374790151532,0.11997517358737173,2.0,3.0,0.5433605829069192,0.004458988539920897,27.5919448264033,1.0
22.0,80.0,0.8966524617988512,0.04677211275479713,0.41000000000000003,47.339349008533205,12.881262868202352,0.11997517358737173,3.0,3.0,0.5174862694351612,0.004053625945382633,30.86986767322649,1.0
22.0,90.0,0.9370602227569194,0.004040776095806819,0.47000000000000003,57.05342793837029,12.94261666162991,0.11997517358737173,3.0,2.0,0.439863329019887,0.004661669837190028,22.62707037759025,1.0
22.0,100.0,0.7411909412982993,-0.019586928145862003,0.38,65.9310231689177,13.003319380001297,0.11997517358737173,2.0,2.0,0.5174862694351612,0.004053625945382633,12.8422683058781,1.0
22.0,110.0,0.4418117498284566,-0.029937919146984272,0.25,72.10499492777332,13.063255472241966,0.11997517358737173,2.0,1.0,0.5174862694351612,0.004053625945382633,7.5040711000845235,1.0
22.0,120.0,0.31976277081446014,-0.012204897901399647,0.25,75.87358793459072,13.122310846593802,0.11997517358737173,2.0,2.0,0.5174862694351612,0.004053625945382633,8.156242787790248,1.0
22.0,130.0,0.40106759610812404,0.008130482529366389,0.25,79.49243790906542,13.180373087795235,0.11997517358737173,2.0,2.0,0.5174862694351612,0.004053625945382633,10.564746141017114,1.0
22.0,140.0,0.5350922653620067,0.013402466925388268,0.25,84.0576680476987,13.237331671070098,0.11997517358737173,2.0,2.0,0.5174862694351612,0.004053625945382633,15.216843813209591,1.0
22.0,150.0,0.6815158837133737,0.014642361835136697,0.3,89.91055926858385,13.293078172517813,0.11997517358737173,2.0,2.0,0.5174862694351612,0.004053625945382633,19.12570297192094,1.0
22.0,160.0,0.6815015519120458,-1.4331801327926996e-06,0.34,96.5516665959868,13.347506475504442,0.11997517358737173,2.0,2.0,0.4916119559634031,0.004864351134459159,19.427534091828917,1.0
22.0,170.0,0.677730862902763,-0.00037706890092827907,0.31,103.32531544019271,13.400512972661755,0.11997517358737173,2.0,2.0,0.4916119559634031,0.004864351134459159,69.132793731862,1.0
22.0,180.0,0.6170063206717167,-0.006072454223104628,0.32,110.16412548422423,13.451996763109722,0.11997517358737173,2.0,2.0,0.5174862694351612,0.004053625945382633,163.70179211924227,1.0
22.0,190.0,1.9800399356140517,0.1363033614942335,0.65,120.63950490969567,13.501859844527079,0.8449375701582373,3.0,3.0,0.5174862694351612,0.004053625945382633,250.02865712097068,1.0
22.0,200.0,3.343412274832321,0.13633723392182695,1.0,122.61954484530972,13.550007299704308,0.8449375701582373,4.0,3.0,0.5174862694351612,0.004053625945382633,265.4086906776154,1.0
22.0,210.0,3.9463439469763415,0.06029316721440203,1.0,122.61954484530972,13.596347477223961,0.8449375701582373,4.0,3.0,0.5174862694351612,0.004053625945382633,209.72756184714513,1.0
22.0,220.0,4.013402929342451,0.0067058982366109635,1.0,122.61954484530972,13.640792165924328,0.8449375701582373,4.0,2.0,0.4797491654224782,1.4671207125017303e-05,120.38553908478912,1.0
22.0,230.0,2.7307257024125633,-0.12826772269298878,1.0,122.61954484530972,13.683256762814398,0.11997517358737173,3.0,1.0,0.4797491654224782,1.4671207125017303e-05,63.32926196323021,1.0
22.0,240.0,0.868311299886571,-0.18624144025259923,0.7000000000000001,131.5250114926436,13.72366043412045,0.11997517358737173,3.0,0.0,0.4797491654224782,1.4671207125017303e-05,45.59877694358163,1.0
22.0,250.0,-0.7129822847697085,-0.15812935846562795,0.0,134.0225524444385,13.761926269157772,0.11997517358737173,1.0,1.0,0.4797491654224782,1.4671207125017303e-05,43.24267586943326,1.0
22.0,260.0,-1.074567217938494,-0.03615849331687855,0.0,134.0225524444385,13.79798142673447,0.11997517358737173,1.0,1.0,0.5433605829069192,0.004458988539920897,23.636183383514535,1.0
22.0,270.0,-0.6806163785350492,0.03939508394034448,0.0,134.0225524444385,13.831757273808872,0.11997517358737173,1.0,3.0,0.5174862694351612,0.004053625945382633,7.449196695710319,1.0
22.0,280.0,0.012300396389917978,0.06929167749249672,0.0,134.0225524444385,13.863189516136362,0.11997517358737173,2.0,3.0,0.5174862694351612,0.004053625945382633,20.680575947396242,1.0
22.0,290.0,0.7914450727225422,0.07791446763326242,0.33,137.50303407051098,13.892218320657182,0.11997517358737173,3.0,3.0,0.5174862694351612,0.004053625945382633,46.39441884399542,1.0
22.0,300.0,1.202310133960296,0.04108650612377538,0.58,147.80997852599157,13.918788429392041,0.11997517358737173,3.0,3.0,0.4797491654224782,1.4671207125017303e-05,40.67499181442083,1.0
22.0,0.0,-0.29276535854871355,0.0,0.0,0.0,12.381165472277612,0.11997517358737173,2.0,2.0,0.5433605829069192,0.004458988539920897,37.16338692429104,2.0
22.0,10.0,0.39079792523796186,0.06835632837866754,0.25,0.723424848113055,12.443466389002499,0.11997517358737173,2.0,3.0,0.5433605829069192,0.004458988539920897,47.08426729625312,2.0
22.0,20.0,1.0177647781112071,0.06269668528732453,0.48,7.788952324324242,12.506066391584998,0.11997517358737173,3.0,3.0,0.5433605829069192,0.004458988539920897,40.886338910938115,2.0
22.0,30.0,1.1835509544288385,0.01657861763176314,0.63,19.30929301730292,12.568846317362247,0.11997517358737173,3.0,2.0,0.439863329019887,0.004661669837190028,25.161480536571656,2.0
22.0,40.0,0.7504763844074382,-0.043307457002140025,0.5,29.680730391752643,12.631686661177358,0.11997517358737173,3.0,1.0,0.439863329019887,0.004661669837190028,8.25339024298017,2.0
22.0,50.0,0.20715535508245253,-0.05433210293249857,0.27,34.94123674768021,12.694467802864263,0.11997517358737173,2.0,1.0,0.4916119559634031,0.004864351134459159,5.070340344436439,2.0
22.0,60.0,-0.12782118878446624,-0.033497654386691875,0.0,35.16612213805732,12.75707023495151,0.11997517358737173,2.0,1.0,0.4916119559634031,0.004864351134459159,11.888369273723345,2.0
22.0,70.0,-0.06267291059424096,0.0065148278190225286,0.25,33.69878411948622,12.819374790151532,0.11997517358737173,2.0,2.0,0.5433605829069192,0.004458988539920897,15.627483227335007,2.0
22.0,80.0,0.3938659972385423,0.04565389078327833,0.3,35.28427356063858,12.881262868202352,0.11997517358737173,2.0,3.0,0.5433605829069192,0.004458988539920897,16.12312647683718,2.0
22.0,90.0,0.6583698213944231,0.02645038241558808,0.47000000000000003,40.6653166440412,12.94261666162991,0.11997517358737173,2.0,3.0,0.5174862694351612,0.004053625945382633,12.066084190580273,2.0
22.0,100.0,0.519241371828663,-0.01391284495657601,0.47000000000000003,46.633263673823976,13.003319380001297,0.11997517358737173,2.0,2.0,0.5174862694351612,0.004053625945382633,5.642077887464744,2.0
22.0,110.0,0.24302147863459922,-0.027621989319406383,0.36,50.90568612148898,13.063255472241966,0.11997517358737173,2.0,1.0,0.5174862694351612,0.004053625945382633,2.3909275131036622,2.0
22.0,120.0,-0.06531876996116637,-0.030834024859576557,0.25,51.995905600668074,13.122310846593802,0.11997517358737173,2.0,1.0,0.5174862694351612,0.004053625945382633,2.93904944521251,2.0
22.0,130.0,-0.11465940789079809,-0.004934063792963172,0.25,51.01898864769457,13.180373087795235,0.11997517358737173,2.0,2.0,0.4916119559634031,0.004864351134459159,3.9293643451460305,2.0
22.0,140.0,-0.06635184131252103,0.004830756657827706,0.25,50.014929222452636,13.237331671070098,0.11997517358737173,2.0,2.0,0.4916119559634031,0.004864351134459159,5.7366444693976115,2.0
22.0,150.0,0.12832922473865338,0.01946810660511744,0.28,50.33735243490476,13.293078172517813,0.11997517358737173,2.0,2.0,0.4916119559634031,0.004864351134459159,6.9866669306882905,2.0
22.0,160.0,0.28587899420093166,0.01575497694622783,0.37,52.541750521419445,13.347506475504442,0.11997517358737173,2.0,2.0,0.4916119559634031,0.004864351134459159,17.00914089339024,2.0
22.0,170.0,0.23959421147198512,-0.004628478272894654,0.36,55.37410804559288,13.400512972661755,0.11997517358737173,2.0,2.0,0.4916119559634031,0.004864351134459159,63.23687651230307,2.0
22.0,180.0,0.1613073858378513,-0.00782868256341338,0.34,57.58129750288607,13.451996763109722,0.11997517358737173,2.0,2.0,0.4916119559634031,0.004864351134459159,132.54375787251092,2.0
22.0,190.0,1.3710044159857233,0.1209697030147872,0.71,63.46796001012089,13.501859844527079,0.8449375701582373,3.0,3.0,0.5174862694351612,0.004053625945382633,201.0368283271853,2.0
22.0,200.0,2.7128435865021423,0.1341839170516419,1.0,66.32271749429582,13.550007299704308,0.8449375701582373,3.0,3.0,0.5174862694351612,0.004053625945382633,215.01464126676706,2.0
22.0,210.0,3.308653865761464,0.05958102792593216,1.0,66.32271749429582,13.596347477223961,0.8449375701582373,4.0,3.0,0.5433605829069192,0.004458988539920897,161.19337082966786,2.0
22.0,220.0,3.450884978594395,0.014223111283293122,1.0,66.32271749429582,13.640792165924328,0.8449375701582373,4.0,2.0,0.4797491654224782,1.4671207125017303e-05,94.90005543186749,2.0
22.0,230.0,2.069501051868343,-0.1381383926726052,1.0,66.32271749429582,13.683256762814398,0.11997517358737173,3.0,1.0,0.4797491654224782,1.4671207125017303e-05,54.5676219252699,2.0
22.0,240.0,0.2720190785622201,-0.1797481973306123,0.7000000000000001,71.65902285173445,13.72366043412045,0.11997517358737173,2.0,0.0,0.4797491654224782,1.4671207125017303e-05,66.10495911515507,2.0
22.0,250.0,-1.2730294903622337,-0.15450485689244536,0.0,69.77239302281791,13.761926269157772,0.11997517358737173,1.0,1.0,0.5174862694351612,0.004053625945382633,88.10363238692395,2.0
22.0,260.0,-1.6907266001287908,-0.041769710976655716,0.0,69.77239302281791,13.79798142673447,0.11997517358737173,1.0,1.0,0.4797491654224782,1.4671207125017303e-05,53.04013542753987,2.0
22.0,270.0,-1.2746415932701147,0.04160850068586761,0.0,69.77239302281791,13.831757273808872,0.11997517358737173,1.0,3.0,0.4916119559634031,0.004864351134459159,26.25673257923001,2.0
22.0,280.0,-0.49593846971611555,0.07787031235539991,0.0,68.49549749993423,13.863189516136362,0.11997517358737173,1.0,3.0,0.439863329019887,0.004661669837190028,15.141498144989525,2.0
22.0,290.0,0.25353141772143317,0.07494698874375487,0.39,66.94910463066753,13.892218320657182,0.11997517358737173,2.0,3.0,0.4916119559634031,0.004864351134459159,13.331386335041664,2.0
22.0,300.0,0.5688207269101966,0.03152893091887634,0.58,71.52269438081629,13.918788429392041,0.11997517358737173,2.0,3.0,0.5174862694351612,0.004053625945382633,12.201020238645844,2.0
23.0,0.0,2.7178224503838706,0.0,0.0,0.0,9.616894516669927,0.16823323656657377,3.0,2.0,0.5433605829069192,0.004458988539920897,153.91470047803668,0.0
23.0,10.0,3.109930348312737,0.039210789792886655,0.75,0.0,9.691942340693696,0.16823323656657377,3.0,3.0,0.4111706504276958,0.003216026723172007,89.69484343484076,0.0
23.0,20.0,2.223663452737771,-0.08862668955749661,1.0,0.0,9.768074013754738,0.16823323656657377,3.0,1.0,0.4111706504276958,0.003216026723172007,30.37633941918498,0.0
23.0,30.0,0.44029434573140236,-0.17833691070063687,0.64,10.012495703100146,9.84514461488634,0.16823323656657377,2.0,0.0,0.4916119559634031,0.004864351134459159,18.567603361676905,0.0
23.0,40.0,-0.6939219677087465,-0.11342163134401488,0.0,10.716747817598485,9.92300743581885,0.16823323656657377,1.0,1.0,0.5433605829069192,0.004458988539920897,28.62594923558012,0.0
23.0,50.0,-0.04146978644795141,0.0652452181260795,0.0,10.716747817598485,10.00151426024718,0.16823323656657377,2.0,3.0,0.5433605829069192,0.004458988539920897,27.721242573076882,0.0
23.0,60.0,0.8623526171159739,0.09038224035639253,0.45,14.39844747117835,10.080515645969005,0.16823323656657377,3.0,3.0,0.5433605829069192,0.004458988539920897,24.506412442487814,0.0
23.0,70.0,0.9170448339944564,0.005469221687848247,0.59,24.022123930859664,10.159861209356446,0.16823323656657377,3.0,2.0,0.5433605829069192,0.004458988539920897,10.330357625481627,0.0
23.0,80.0,0.29154101953359657,-0.06255038144608598,0.29,30.166219909488238,10.239399911619902,0.16823323656657377,2.0,1.0,0.4916119559634031,0.004864351134459159,9.106333056474323,0.0
23.0,90.0,0.09937053499186277,-0.01921704845417338,0.25,31.892898444491863,10.318980346318913,0.16823323656657377,2.0,2.0,0.5433605829069192,0.004458988539920897,11.279068515836734,0.0
23.0,100.0,0.3258156099725831,0.02264450749807203,0.28,33.65719880073109,10.398451027572985,0.16823323656657377,2.0,2.0,0.5433605829069192,0.004458988539920897,11.261178062285783,0.0
23.0,110.0,0.49971475232040063,0.017389914234781756,0.42,37.914480580878454,10.477660678423536,0.16823323656657377,2.0,2.0,0.5433605829069192,0.004458988539920897,8.93184739305196,0.0
23.0,120.0,0.38040306597264717,-0.011931168634775346,0.39,42.6989236961612,10.556458518798177,0.16823323656657377,2.0,2.0,0.4916119559634031,0.004864351134459159,7.115066625048756,0.0
23.0,130.0,0.21287779574961974,-0.016752527022302743,0.29,45.6326970658576,10.634694552529186,0.16823323656657377,2.0,2.0,0.4916119559634031,0.004864351134459159,7.276744047716153,0.0
23.0,140.0,0.2373515212540731,0.002447372550445337,0.32,47.82563498096988,10.712219852879716,0.16823323656657377,2.0,2.0,0.4916119559634031,0.004864351134459159,7.166984979691491,0.0
23.0,150.0,0.31465106164413825,0.007729954039006515,0.37,50.4905733060786,10.788886846034284,0.16823323656657377,2.0,2.0,0.4916119559634031,0.004864351134459159,6.09774896410355,0.0
23.0,160.0,0.3242020001856467,0.0009550938541508458,0.39,53.84566708357956,10.864549592013969,0.16823323656657377,2.0,2.0,0.4111706504276958,0.003216026723172007,24.92128548398322,0.0
23.0,170.0,0.16772852579025965,-0.015647347439538706,0.33,56.39036166441901,10.939064062481403,0.16823323656657377,2.0,2.0,0.4111706504276958,0.003216026723172007,29.19183730474061,0.0
23.0,180.0,0.1786494603185993,0.0010920934528339643,0.34,58.06357360596931,11.012288414906923,0.16823323656657377,2.0,2.0,0.4111706504276958,0.003216026723172007,37.282999518941736,0.0
23.0,190.0,-1.0421558095448233,-0.12208052698634227,0.0,58.375409024420236,9.686773957203133,0.16823323656657377,1.0,1.0,0.4916119559634031,0.004864351134459159,18.67160238723361,0.0
23.0,200.0,-0.3086232537901843,0.0733532555754639,0.0,57.98692715216406,9.757002634538463,0.16823323656657377,2.0,3.0,0.4916119559634031,0.004864351134459159,8.302171127807743,0.0
23.0,210.0,0.46032781199170714,0.07689510657818914,0.47000000000000003,58.90318244587906,9.825531457263306,0.16823323656657377,2.0,3.0,0.5174862694351612,0.004053625945382633,11.21006418902732,0.0
23.0,220.0,0.4277621714617652,-0.0032565640529941932,0.5,64.17211416457232,9.89222997686868,0.16823323656657377,2.0,2.0,0.4111706504276958,0.003216026723172007,3.508592280383083,0.0
23.0,230.0,-0.0804023824438751,-0.05081645539056403,0.25,66.26304658345501,9.956971228931632,0.16823323656657377,2.0,1.0,0.4916119559634031,0.004864351134459159,4.232628557118016,0.0
23.0,240.0,-0.1275506423592212,-0.00471482599153461,0.25,64.78294540805452,10.019631974799193,0.16823323656657377,2.0,2.0,0.4916119559634031,0.004864351134459159,2.3179562310088504,0.0
23.0,250.0,-0.014714746384072441,0.011283589597514876,0.25,63.943111052216956,10.080092936180211,0.16823323656657377,2.0,2.0,0.439863329019887,0.004661669837190028,2.516615992148719,0.0
23.0,260.0,0.1457633672052765,0.016047811358934894,0.34,64.65772389574997,10.138239022198317,0.16823323656657377,2.0,2.0,0.5433605829069192,0.004458988539920897,3.212911382181697,0.0
23.0,270.0,0.145350014727871,-4.13352477405482e-05,0.38,66.75058516034876,10.193959548473966,0.16823323656657377,2.0,2.0,0.5433605829069192,0.004458988539920897,1.8347216046314245,0.0
23.0,280.0,0.016683689063800244,-0.012866632566407077,0.29,67.54377737980874,10.24714844781845,0.16823323656657377,2.0,2.0,0.439863329019887,0.004661669837190028,0.28613686414661743,0.0
23.0,290.0,-0.03779605806409947,-0.0054479747127899715,0.27,67.61316707557636,10.2977044721388,0.16823323656657377,2.0,2.0,0.439863329019887,0.004661669837190028,1.8959233893595382,0.0
23.0,300.0,0.10748054498440851,0.014527660304850799,0.33,67.91364144414489,10.345531385169313,0.16823323656657377,2.0,2.0,0.5174862694351612,0.004053625945382633,2.7944769043750957,0.0
23.0,0.0,2.74874923425892,0.0,0.0,0.0,9.616894516669927,0.16823323656657377,3.0,2.0,0.5433605829069192,0.004458988539920897,154.06933367162446,1.0
23.0,10.0,3.1061206589970567,0.035737142473813675,0.75,0.0,9.691942340693696,0.16823323656657377,3.0,3.0,0.4111706504276958,0.003216026723172007,89.67579943376143,1.0
23.0,20.0,2.2667521737523764,-0.08393684852446803,1.0,2.4046865971585554,9.768074013754738,0.16823323656657377,3.0,1.0,0.4111706504276958,0.003216026723172007,30.58855017131363,1.0
23.0,30.0,0.46220843114403465,-0.18045437426083416,0.5,17.186360605255963,9.84514461488634,0.16823323656657377,2.0,0.0,0.5433605829069192,0.004458988539920897,15.931705644192306,1.0
23.0,40.0,-0.361277747351771,-0.08234861784958056,0.0,18.225279303476736,9.92300743581885,0.16823323656657377,2.0,1.0,0.5433605829069192,0.004458988539920897,24.495863808525872,1.0
23.0,50.0,0.23413842270963414,0.05954161700614051,0.0,18.40394082736843,10.00151426024718,0.16823323656657377,2.0,3.0,0.5433605829069192,0.004458988539920897,27.192179347453813,1.0
23.0,60.0,1.0243252546861257,0.07901868319764915,0.48,24.871267857799147,10.080515645969005,0.16823323656657377,3.0,3.0,0.5174862694351612,0.004053625945382633,23.742406441432617,1.0
23.0,70.0,0.9003254734799242,-0.012399978120620148,0.5,35.1064377589627,10.159861209356446,0.16823323656657377,3.0,2.0,0.5433605829069192,0.004458988539920897,10.096228716628632,1.0
23.0,80.0,0.4052158178856402,-0.049510965559428396,0.32,41.82240030489113,10.239399911619902,0.16823323656657377,2.0,1.0,0.4916119559634031,0.004864351134459159,7.517503881033132,1.0
23.0,90.0,0.2806650476582746,-0.012455077022736561,0.26,45.093080285281054,10.318980346318913,0.16823323656657377,2.0,2.0,0.4916119559634031,0.004864351134459159,8.306703650129691,1.0
23.0,100.0,0.4428548201825002,0.01621897725242256,0.33,48.534031647736185,10.398451027572985,0.16823323656657377,2.0,2.0,0.5433605829069192,0.004458988539920897,7.838081105374147,1.0
23.0,110.0,0.5080531244751647,0.006519830429266449,0.37,53.26357313987796,10.477660678423536,0.16823323656657377,2.0,2.0,0.5433605829069192,0.004458988539920897,6.821295293780917,1.0
23.0,120.0,0.43006012259923665,-0.007799300187592806,0.38,58.08831635554466,10.556458518798177,0.16823323656657377,2.0,2.0,0.5433605829069192,0.004458988539920897,5.048327680901955,1.0
23.0,130.0,0.3654200024409846,-0.006464012015825205,0.36,61.87071015752146,10.634694552529186,0.16823323656657377,2.0,2.0,0.5433605829069192,0.004458988539920897,4.352981511844149,1.0
23.0,140.0,0.24542489153558833,-0.011999511090539627,0.31,64.80550495303108,10.712219852879716,0.16823323656657377,2.0,2.0,0.5433605829069192,0.004458988539920897,5.1278269853434715,1.0
23.0,150.0,0.34769158123283717,0.010226668969724883,0.37,67.91767711691068,10.788886846034284,0.16823323656657377,2.0,2.0,0.5174862694351612,0.004053625945382633,4.67570646726814,1.0
23.0,160.0,0.2803905978061145,-0.006730098342672264,0.35000000000000003,71.15830069458086,10.864549592013969,0.16823323656657377,2.0,2.0,0.4111706504276958,0.003216026723172007,29.1463781021626,1.0
23.0,170.0,0.2919579741102396,0.0011567376304125077,0.35000000000000003,73.91891825171312,10.939064062481403,0.16823323656657377,2.0,2.0,0.4111706504276958,0.003216026723172007,37.008882330356286,1.0
23.0,180.0,0.26020680119958683,-0.003175117291065277,0.36,76.80066264677909,11.012288414906923,0.16823323656657377,2.0,2.0,0.4111706504276958,0.003216026723172007,38.13694050709176,1.0
23.0,190.0,-1.1258197067669968,-0.13860265079665837,0.0,77.32345176211224,9.686773957203133,0.16823323656657377,1.0,1.0,0.4916119559634031,0.004864351134459159,17.419254384140146,1.0
23.0,200.0,-0.34721662074845483,0.0778603086018542,0.0,75.77905729190128,9.757002634538463,0.16823323656657377,2.0,3.0,0.439863329019887,0.004661669837190028,7.91604575979347,1.0
23.0,210.0,0.4632004258219311,0.0810417046570386,0.4,76.11521339064716,9.825531457263306,0.16823323656657377,2.0,3.0,0.4111706504276958,0.003216026723172007,8.727681341188255,1.0
23.0,220.0,0.48060403995478396,0.001740361413285285,0.45,81.16720247766519,9.89222997686868,0.16823323656657377,2.0,2.0,0.4111706504276958,0.003216026723172007,3.8359752597806747,1.0
23.0,230.0,0.07033593768989732,-0.041026810226488665,0.31,84.01510356035477,9.956971228931632,0.16823323656657377,2.0,1.0,0.4111706504276958,0.003216026723172007,2.8314854151382,1.0
23.0,240.0,-0.0635413839877863,-0.013387732167768363,0.25,83.72100884687549,10.019631974799193,0.16823323656657377,2.0,2.0,0.5174862694351612,0.004053625945382633,1.4947511660846644,1.0
23.0,250.0,0.08376977852401524,0.014731116251180154,0.29,83.50097400029884,10.080092936180211,0.16823323656657377,2.0,2.0,0.4111706504276958,0.003216026723172007,4.016618390463832,1.0
23.0,260.0,0.16876075841699034,0.00849909798929751,0.33,84.71901346965804,10.138239022198317,0.16823323656657377,2.0,2.0,0.4111706504276958,0.003216026723172007,3.321343532557449,1.0
23.0,270.0,0.10658804289072066,-0.006217271552626968,0.33,86.01138875121057,10.193959548473966,0.16823323656657377,2.0,2.0,0.4111706504276958,0.003216026723172007,2.78870005887124,1.0
23.0,280.0,0.07473651388393066,-0.0031851529006790003,0.33,86.96977803116495,10.24714844781845,0.16823323656657377,2.0,2.0,0.4111706504276958,0.003216026723172007,2.546604972927114,1.0
23.0,290.0,0.06187570524445718,-0.0012860808639473475,0.32,87.97163324278273,10.2977044721388,0.16823323656657377,2.0,2.0,0.4111706504276958,0.003216026723172007,2.3305094019080426,1.0
23.0,300.0,0.06597694429907719,0.0004101239054620009,0.34,88.80443384060892,10.345531385169313,0.16823323656657377,2.0,2.0,0.4111706504276958,0.003216026723172007,2.0352145776064154,1.0
23.0,0.0,2.7149047576483234,0.0,0.0,0.0,9.616894516669927,0.16823323656657377,3.0,2.0,0.5433605829069192,0.004458988539920897,153.90011208283113,2.0
23.0,10.0,3.1000844418266382,0.038517968417831484,0.75,0.0,9.691942340693696,0.16823323656657377,3.0,3.0,0.4111706504276958,0.003216026723172007,89.64562539152763,2.0
23.0,20.0,2.2238549356875517,-0.08762295061390865,1.0,0.0,9.768074013754738,0.16823323656657377,3.0,1.0,0.4111706504276958,0.003216026723172007,30.377282467384923,2.0
23.0,30.0,0.5135546409750411,-0.17103002947125107,0.54,14.602428293140175,9.84514461488634,0.16823323656657377,2.0,1.0,0.5433605829069192,0.004458988539920897,16.63879246310409,2.0
23.0,40.0,-0.48445644877300253,-0.09980110897480436,0.0,15.52049923639207,9.92300743581885,0.16823323656657377,1.0,1.0,0.5433605829069192,0.004458988539920897,26.482571613108032,2.0
23.0,50.0,0.14266288597377397,0.06271193347467766,0.0,15.36902015435475,10.00151426024718,0.16823323656657377,2.0,3.0,0.5433605829069192,0.004458988539920897,25.791625954439873,2.0
23.0,60.0,0.8896376666699446,0.07469747806961706,0.47000000000000003,20.583998079167294,10.080515645969005,0.16823323656657377,3.0,3.0,0.5433605829069192,0.004458988539920897,20.588514764352265,2.0
23.0,70.0,0.7835517425673864,-0.010608592410255824,0.5,29.805601223539302,10.159861209356446,0.16823323656657377,3.0,2.0,0.5433605829069192,0.004458988539920897,9.83759529193498,2.0
23.0,80.0,0.3637695027967709,-0.041978223977061545,0.34,35.56011844123878,10.239399911619902,0.16823323656657377,2.0,1.0,0.4916119559634031,0.004864351134459159,8.802107910720512,2.0
23.0,90.0,0.18899137545271927,-0.017477812734405164,0.26,37.9860174020223,10.318980346318913,0.16823323656657377,2.0,2.0,0.5433605829069192,0.004458988539920897,9.795077974847107,2.0
23.0,100.0,0.3133793202463693,0.012438794479365,0.32,40.36613316580751,10.398451027572985,0.16823323656657377,2.0,2.0,0.5433605829069192,0.004458988539920897,9.2982652839614,2.0
23.0,110.0,0.38552483137766913,0.007214551113129986,0.36,43.90853994182622,10.477660678423536,0.16823323656657377,2.0,2.0,0.4916119559634031,0.004864351134459159,7.816919180743315,2.0
23.0,120.0,0.3524691186806237,-0.0033055712697045436,0.39,47.93042701734845,10.556458518798177,0.16823323656657377,2.0,2.0,0.4916119559634031,0.004864351134459159,6.020942275035448,2.0
23.0,130.0,0.2489247465111042,-0.01035443721695195,0.35000000000000003,50.80901181866814,10.634694552529186,0.16823323656657377,2.0,2.0,0.4916119559634031,0.004864351134459159,5.442218215661396,2.0
23.0,140.0,0.2040576124222575,-0.004486713408884668,0.35000000000000003,52.92954876805737,10.712219852879716,0.16823323656657377,2.0,2.0,0.4916119559634031,0.004864351134459159,5.384150260532034,2.0
23.0,150.0,0.22301027496586556,0.0018952662543608057,0.35000000000000003,55.01289159962419,10.788886846034284,0.16823323656657377,2.0,2.0,0.4916119559634031,0.004864351134459159,4.580168752740239,2.0
23.0,160.0,0.1559449388325369,-0.006706533613332866,0.33,56.95054126066375,10.864549592013969,0.16823323656657377,2.0,2.0,0.4111706504276958,0.003216026723172007,23.83548052447951,2.0
23.0,170.0,0.17245709372053497,0.0016512154887998066,0.35000000000000003,58.71931424527625,10.939064062481403,0.16823323656657377,2.0,2.0,0.4111706504276958,0.003216026723172007,30.258065964354955,2.0
23.0,180.0,0.17669554571880042,0.0004238451998265447,0.36,60.505683334220464,11.012288414906923,0.16823323656657377,2.0,2.0,0.4111706504276958,0.003216026723172007,40.74175683006212,2.0
23.0,190.0,-1.1769239191602203,-0.13536194648790206,0.0,60.837267105167385,9.686773957203133,0.16823323656657377,1.0,1.0,0.4916119559634031,0.004864351134459159,21.38165423059777,2.0
23.0,200.0,-0.4161707797968006,0.07607531393634197,0.0,59.26500835915762,9.757002634538463,0.16823323656657377,1.0,3.0,0.4916119559634031,0.004864351134459159,8.266592458310544,2.0
23.0,210.0,0.39350196366833856,0.08096727434651392,0.43,59.03351429409267,9.825531457263306,0.16823323656657377,2.0,3.0,0.5174862694351612,0.004053625945382633,8.974324497433798,2.0
23.0,220.0,0.4073090523731864,0.0013807088704847815,0.49,63.4052035660574,9.89222997686868,0.16823323656657377,2.0,2.0,0.4111706504276958,0.003216026723172007,3.986453975448787,2.0
23.0,230.0,-0.005723133310102213,-0.04130321856832886,0.32,65.68601311887883,9.956971228931632,0.16823323656657377,2.0,1.0,0.5433605829069192,0.004458988539920897,4.028208806174353,2.0
23.0,240.0,-0.20965859159603895,-0.020393545828593672,0.25,64.71539617125184,10.019631974799193,0.16823323656657377,2.0,2.0,0.4916119559634031,0.004864351134459159,3.2532602314187864,2.0
23.0,250.0,-0.08588265128139838,0.012377594031464056,0.25,63.058274023219454,10.080092936180211,0.16823323656657377,2.0,2.0,0.4916119559634031,0.004864351134459159,2.080271821386356,2.0
23.0,260.0,0.14931151587390445,0.023519416715530282,0.35000000000000003,63.29721383612531,10.138239022198317,0.16823323656657377,2.0,2.0,0.5433605829069192,0.004458988539920897,1.8383427662023752,2.0
23.0,270.0,0.12065172113651101,-0.002865979473739344,0.35000000000000003,64.52456943861992,10.193959548473966,0.16823323656657377,2.0,2.0,0.439863329019887,0.004661669837190028,1.0848258225146676,2.0
23.0,280.0,0.033079051434771856,-0.008757266970173917,0.32,65.24641799172745,10.24714844781845,0.16823323656657377,2.0,2.0,0.4916119559634031,0.004864351134459159,1.2009023973335737,2.0
23.0,290.0,-0.06773430482264686,-0.010081335625741872,0.3,65.13658535914615,10.2977044721388,0.16823323656657377,2.0,2.0,0.4916119559634031,0.004864351134459159,0.9110658152634827,2.0
23.0,300.0,-0.021832794047380588,0.004590151077526627,0.3,64.67481407017804,10.345531385169313,0.16823323656657377,2.0,2.0,0.4916119559634031,0.004864351134459159,1.735330826492929,2.0
24.0,0.0,0.1415858265135732,0.0,0.0,0.0,10.587427047123306,0.19406361564512,2.0,2.0,0.6265861061883338,0.004479907210313291,19.82527755801496,0.0
24.0,10.0,0.6618227994219694,0.052023697290839624,0.34,3.732315966778174,10.728625838245001,0.19406361564512,2.0,3.0,0.6265861061883338,0.004479907210313291,20.058114781567944,0.0
24.0,20.0,0.7831058553774817,0.012128305595551225,0.45,11.124836286448023,10.871411117849334,0.19406361564512,3.0,2.0,0.6265861061883338,0.004479907210313291,14.582115114664616,0.0
24.0,30.0,0.48697255999657685,-0.029613329538090483,0.34,17.72563252644249,11.015511086041187,0.19406361564512,2.0,1.0,0.6265861061883338,0.004479907210313291,11.615888801396471,0.0
24.0,40.0,0.39007226055930744,-0.009690029943726941,0.29,21.978624192668264,11.160651440340999,0.19406361564512,2.0,2.0,0.6265861061883338,0.004479907210313291,17.55356916425658,0.0
24.0,50.0,0.4193602535830294,0.002928799302372198,0.33,26.01994493802177,11.306555897835125,0.19406361564512,2.0,2.0,0.6265861061883338,0.004479907210313291,26.136953211439955,0.0
24.0,60.0,0.49609011736033537,0.007672986377730595,0.36,30.419299240209185,11.452946721096055,0.4354878654847221,2.0,2.0,0.6265861061883338,0.004479907210313291,29.290260476422446,0.0
24.0,70.0,0.9209708433009389,0.04248807259406036,0.61,37.340822009373056,11.599545246871408,0.4354878654847221,3.0,3.0,0.6265861061883338,0.004479907210313291,24.993640534197024,0.0
24.0,80.0,0.8959859000248009,-0.0024984943276137985,0.67,46.882314318135016,11.746072416535249,0.4354878654847221,3.0,2.0,0.5174862694351612,0.004053625945382633,12.068151145801618,0.0
24.0,90.0,0.42967671056814183,-0.046630918945665914,0.48,54.28468706439429,11.892249307292069,0.19406361564512,2.0,1.0,0.4916119559634031,0.004864351134459159,3.375287970723441,0.0
24.0,100.0,-0.009768556934531603,-0.043944526750267346,0.25,56.17932727827543,12.037797663122149,0.19406361564512,2.0,1.0,0.4916119559634031,0.004864351134459159,3.4271491878408464,0.0
24.0,110.0,0.057798482818455454,0.006756703975298706,0.25,56.214315249212206,12.182440424457752,0.19406361564512,2.0,2.0,0.4916119559634031,0.004864351134459159,4.425369306726199,0.0
24.0,120.0,0.19991266295907195,0.01421141801406165,0.33,57.53327273281645,12.325902255581717,0.19406361564512,2.0,2.0,0.6265861061883338,0.004479907210313291,4.228797585907725,0.0
24.0,130.0,0.24249145883044676,0.004257879587137481,0.37,59.966621706278005,12.46791006874465,0.19406361564512,2.0,2.0,0.4916119559634031,0.004864351134459159,2.9877592102006614,0.0
24.0,140.0,0.16337968999376784,-0.007911176883667891,0.35000000000000003,62.08970385886224,12.608193544003015,0.19406361564512,2.0,2.0,0.4916119559634031,0.004864351134459159,2.274413343661079,0.0
24.0,150.0,0.1261946035962751,-0.003718508639749274,0.32,63.42381230756225,12.746485643788454,0.19406361564512,2.0,2.0,0.4916119559634031,0.004864351134459159,2.297613002017278,0.0
24.0,160.0,0.1648482443441246,0.0038653640747849495,0.34,64.75702360753792,12.88252312122902,0.19406361564512,2.0,2.0,0.4916119559634031,0.004864351134459159,2.241264645080406,0.0
24.0,170.0,0.12258493397061798,-0.0042263310373506615,0.35000000000000003,66.3605889066589,13.016047021254543,0.19406361564512,2.0,2.0,0.4916119559634031,0.004864351134459159,1.87712708202666,0.0
24.0,180.0,0.1255420768429616,0.000295714287234361,0.34,67.61576940103932,13.14680317353232,0.19406361564512,2.0,2.0,0.4916119559634031,0.004864351134459159,1.9535252527612599,0.0
24.0,190.0,0.08785398299036018,-0.003768809385260141,0.34,68.70678463505553,13.274542676294793,0.19406361564512,2.0,2.0,0.6265861061883338,0.004479907210313291,1.9130538045198364,0.0
24.0,200.0,0.11640240435878013,0.002854842136841995,0.33,69.6808776906821,13.39902237013822,0.19406361564512,2.0,2.0,0.6265861061883338,0.004479907210313291,1.9053913458420706,0.0
24.0,210.0,0.14048266670106102,0.002408026234228089,0.36,71.0065491291343,13.520005300890404,0.19406361564512,2.0,2.0,0.6265861061883338,0.004479907210313291,1.5498166772582673,0.0
24.0,220.0,0.05354648931403716,-0.008693617738702386,0.33,72.09211673260384,13.637261170666442,0.19406361564512,2.0,2.0,0.6265861061883338,0.004479907210313291,1.202118152254025,0.0
24.0,230.0,0.07246382536467166,0.0018917336050634503,0.35000000000000003,72.8072398261478,13.75056677625382,0.19406361564512,2.0,2.0,0.6265861061883338,0.004479907210313291,1.3965297324241281,0.0
24.0,240.0,0.09875245592748527,0.002628863056281361,0.36,73.65201604412698,13.859706433992436,0.19406361564512,2.0,2.0,0.5433605829069192,0.004458988539920897,1.4378057775658437,0.0
24.0,250.0,0.06906905915525385,-0.0029683396772231417,0.33,74.63913222423415,13.964472390340696,0.19406361564512,2.0,2.0,0.5433605829069192,0.004458988539920897,1.0507547976348293,0.0
24.0,260.0,0.06491630631154877,-0.00041527528437050875,0.34,75.27266391874572,14.064665217346182,0.19406361564512,2.0,2.0,0.5433605829069192,0.004458988539920897,1.2139853416182336,0.0
24.0,270.0,0.09102488268261055,0.002610857637106179,0.34,75.96649778549292,14.160094192268097,0.19406361564512,2.0,2.0,0.5433605829069192,0.004458988539920897,1.2180224204536851,0.0
24.0,280.0,0.03144128848129313,-0.005958359420131743,0.33,76.71548500589421,14.250577660628856,0.19406361564512,2.0,2.0,0.5433605829069192,0.004458988539920897,0.9801704779651961,0.0
24.0,290.0,0.0540076388189874,0.0022566350337694272,0.34,77.31121062022422,14.335943382003677,0.19406361564512,2.0,2.0,0.5433605829069192,0.004458988539920897,1.0196599078827997,0.0
24.0,300.0,0.10135874865126482,0.004735110983227741,0.36,77.96276978097941,14.416028857890062,0.19406361564512,2.0,2.0,0.5433605829069192,0.004458988539920897,1.1890302351725412,0.0
24.0,0.0,0.15310990995124385,0.0,0.0,0.0,10.587427047123306,0.19406361564512,2.0,2.0,0.6265861061883338,0.004479907210313291,19.780443787572093,1.0
24.0,10.0,0.6684447224597818,0.051533481250853795,0.4,3.5846444940588107,10.728625838245001,0.19406361564512,2.0,3.0,0.6265861061883338,0.004479907210313291,18.096955562767402,1.0
24.0,20.0,0.5969060943875242,-0.007153862807225764,0.43,10.373469776530936,10.871411117849334,0.19406361564512,2.0,2.0,0.6265861061883338,0.004479907210313291,12.534981238284491,1.0
24.0,30.0,0.34423567806855715,-0.025267041631896702,0.29,15.111931991390382,11.015511086041187,0.19406361564512,2.0,1.0,0.6265861061883338,0.004479907210313291,12.084374313446641,1.0
24.0,40.0,0.31104409335459593,-0.003319158471396122,0.27,18.146925135341814,11.160651440340999,0.19406361564512,2.0,2.0,0.6265861061883338,0.004479907210313291,18.925042012671895,1.0
24.0,50.0,0.4471912540996037,0.013614716074500776,0.37,21.87882135611482,11.306555897835125,0.19406361564512,2.0,2.0,0.6265861061883338,0.004479907210313291,27.50798059730795,1.0
24.0,60.0,0.4523786514277397,0.0005187397328136001,0.38,26.093366025137033,11.452946721096055,0.4354878654847221,2.0,2.0,0.6265861061883338,0.004479907210313291,29.391926806501388,1.0
24.0,70.0,0.8043391874030767,0.03519605359753371,0.64,32.35759993142475,11.599545246871408,0.4354878654847221,3.0,3.0,0.6265861061883338,0.004479907210313291,20.7219277012656,1.0
24.0,80.0,0.7803587731899135,-0.0023980414213163213,0.6900000000000001,40.58691246016793,11.746072416535249,0.4354878654847221,3.0,2.0,0.6265861061883338,0.004479907210313291,8.545970051079284,1.0
24.0,90.0,0.299822639229518,-0.04805361339603955,0.44,46.67948618920799,11.892249307292069,0.19406361564512,2.0,1.0,0.4916119559634031,0.004864351134459159,3.510464315541868,1.0
24.0,100.0,-0.10264835443929954,-0.040247099366881756,0.25,47.130717742454806,12.037797663122149,0.19406361564512,2.0,1.0,0.4916119559634031,0.004864351134459159,5.01289589099018,1.0
24.0,110.0,0.022387522200574494,0.012503587663987403,0.25,46.46730322701612,12.182440424457752,0.19406361564512,2.0,2.0,0.6265861061883338,0.004479907210313291,6.210453199196919,1.0
24.0,120.0,0.21394726826589405,0.019155974606531956,0.33,47.52199134897313,12.325902255581717,0.19406361564512,2.0,2.0,0.6265861061883338,0.004479907210313291,6.129117355320346,1.0
24.0,130.0,0.24390596562750488,0.002995869736161083,0.37,49.95151160138816,12.46791006874465,0.19406361564512,2.0,2.0,0.6265861061883338,0.004479907210313291,5.067493340820297,1.0
24.0,140.0,0.16155006130837535,-0.008235590431912954,0.33,51.93953268823769,12.608193544003015,0.19406361564512,2.0,2.0,0.4916119559634031,0.004864351134459159,4.645032710561745,1.0
24.0,150.0,0.14813749519818842,-0.001341256611018693,0.32,53.31338085892423,12.746485643788454,0.19406361564512,2.0,2.0,0.4916119559634031,0.004864351134459159,4.634892358774101,1.0
24.0,160.0,0.14202739793217134,-0.0006110097266017079,0.33,54.73680294283456,12.88252312122902,0.19406361564512,2.0,2.0,0.4916119559634031,0.004864351134459159,4.2882570629044645,1.0
24.0,170.0,0.1495022732332565,0.0007474875301085148,0.36,56.218595806058005,13.016047021254543,0.19406361564512,2.0,2.0,0.4916119559634031,0.004864351134459159,3.7647852295214514,1.0
24.0,180.0,0.0824349527523438,-0.006706732048091269,0.32,57.71023230365728,13.14680317353232,0.19406361564512,2.0,2.0,0.4916119559634031,0.004864351134459159,3.4607286720985884,1.0
24.0,190.0,0.13881187415229235,0.005637692139994854,0.35000000000000003,58.735224025017246,13.274542676294793,0.19406361564512,2.0,2.0,0.4916119559634031,0.004864351134459159,3.3232165616430693,1.0
24.0,200.0,0.12488006768532145,-0.0013931806466970897,0.33,59.99172300821675,13.39902237013822,0.19406361564512,2.0,2.0,0.4916119559634031,0.004864351134459159,2.9218453977357353,1.0
24.0,210.0,0.07377841274123398,-0.005110165494408747,0.34,61.122979094884656,13.520005300890404,0.19406361564512,2.0,2.0,0.4916119559634031,0.004864351134459159,2.664203819286659,1.0
24.0,220.0,0.09768428112018768,0.00239058683789537,0.34,62.053579474526344,13.637261170666442,0.19406361564512,2.0,2.0,0.4916119559634031,0.004864351134459159,2.5265209902792445,1.0
24.0,230.0,0.09040896239001484,-0.0007275318730172841,0.35000000000000003,62.92559136865758,13.75056677625382,0.19406361564512,2.0,2.0,0.4916119559634031,0.004864351134459159,2.3451655552618,1.0
24.0,240.0,0.10103999123573004,0.0010631028845715206,0.35000000000000003,63.68753394366182,13.859706433992436,0.19406361564512,2.0,2.0,0.4916119559634031,0.004864351134459159,2.3378989812685065,1.0
24.0,250.0,0.1115510149679686,0.0010511023732238556,0.37,64.65373704529898,13.964472390340696,0.19406361564512,2.0,2.0,0.4916119559634031,0.004864351134459159,1.9393059895382339,1.0
24.0,260.0,0.0821530605425771,-0.0029397954425391505,0.35000000000000003,65.58992639038833,14.064665217346182,0.19406361564512,2.0,2.0,0.4916119559634031,0.004864351134459159,1.6618980125888576,1.0
24.0,270.0,0.08310861742170417,9.55556879127073e-05,0.36,66.41569936832185,14.160094192268097,0.19406361564512,2.0,2.0,0.4916119559634031,0.004864351134459159,1.3773756474040606,1.0
24.0,280.0,0.03794343134894973,-0.004516518607275444,0.32,66.99917893918284,14.250577660628856,0.19406361564512,2.0,2.0,0.4916119559634031,0.004864351134459159,1.5222932161036145,1.0
24.0,290.0,0.07508414751043446,0.003714071616148473,0.34,67.4834032538774,14.335943382003677,0.19406361564512,2.0,2.0,0.4916119559634031,0.004864351134459159,1.5015335186205925,1.0
24.0,300.0,0.05812352767180684,-0.001696061983862762,0.36,68.46432612714213,14.416028857890062,0.19406361564512,2.0,2.0,0.4916119559634031,0.004864351134459159,0.997267430105284,1.0
24.0,0.0,0.1333625237840046,0.0,0.0,0.0,10.587427047123306,0.19406361564512,2.0,2.0,0.6265861061883338,0.004479907210313291,19.806667342636427,2.0
24.0,10.0,0.7242356557169636,0.059087313193295896,0.3,3.5949134204085667,10.728625838245001,0.19406361564512,2.0,3.0,0.6265861061883338,0.004479907210313291,22.556891629662662,2.0
24.0,20.0,0.8533087551456049,0.012907309942864131,0.43,11.831668480241238,10.871411117849334,0.19406361564512,3.0,2.0,0.6265861061883338,0.004479907210313291,16.280119793155407,2.0
24.0,30.0,0.6504202157095165,-0.020288853943608843,0.37,19.429974178339027,11.015511086041187,0.19406361564512,2.0,2.0,0.6265861061883338,0.004479907210313291,11.940145708427153,2.0
24.0,40.0,0.43482304623445955,-0.02155971694750569,0.31,24.848037061757616,11.160651440340999,0.19406361564512,2.0,2.0,0.6265861061883338,0.004479907210313291,16.539200388094955,2.0
24.0,50.0,0.4399899666023721,0.0005166920367912553,0.31,29.001854888245887,11.306555897835125,0.19406361564512,2.0,2.0,0.6265861061883338,0.004479907210313291,25.128284281598244,2.0
24.0,60.0,0.5064306406194667,0.0066440674017094635,0.36,33.30100804857267,11.452946721096055,0.4354878654847221,2.0,2.0,0.6265861061883338,0.004479907210313291,28.56909040930752,2.0
24.0,70.0,0.9250630952626366,0.04186324546431699,0.59,40.3809064925335,11.599545246871408,0.4354878654847221,3.0,3.0,0.6265861061883338,0.004479907210313291,26.71960450964816,2.0
24.0,80.0,0.9653990534579755,0.004033595819533886,0.67,49.97698567491193,11.746072416535249,0.4354878654847221,3.0,2.0,0.5174862694351612,0.004053625945382633,14.757773865379871,2.0
24.0,90.0,0.5379976043632979,-0.04274014490946776,0.54,58.28107506471432,11.892249307292069,0.19406361564512,2.0,1.0,0.439863329019887,0.004661669837190028,3.7566793207624687,2.0
24.0,100.0,-0.006894925031236454,-0.054489252939453434,0.29,60.80006488626344,12.037797663122149,0.19406361564512,2.0,1.0,0.4916119559634031,0.004864351134459159,3.0398632116005144,2.0
24.0,110.0,-0.06917063663368594,-0.006227571160244949,0.25,60.07542401054899,12.182440424457752,0.19406361564512,2.0,2.0,0.4916119559634031,0.004864351134459159,3.1303467437467525,2.0
24.0,120.0,0.13656714596770314,0.020573778260138908,0.33,60.25151593537289,12.325902255581717,0.19406361564512,2.0,2.0,0.4916119559634031,0.004864351134459159,3.142828383200853,2.0
24.0,130.0,0.13666834171228714,1.0119574458400393e-05,0.35000000000000003,61.69849402951805,12.46791006874465,0.19406361564512,2.0,2.0,0.4916119559634031,0.004864351134459159,2.5338250645723153,2.0
24.0,140.0,0.12224818120086312,-0.001442016051142403,0.34,63.015624076431536,12.608193544003015,0.19406361564512,2.0,2.0,0.4916119559634031,0.004864351134459159,2.0393201070054037,2.0
24.0,150.0,0.10809928504279043,-0.0014148896158072688,0.35000000000000003,64.23661050470426,12.746485643788454,0.19406361564512,2.0,2.0,0.4916119559634031,0.004864351134459159,1.5266794444892564,2.0
24.0,160.0,0.04887353396199501,-0.005922575108079542,0.33,64.99486639762502,12.88252312122902,0.19406361564512,2.0,2.0,0.4916119559634031,0.004864351134459159,1.4883783045510075,2.0
24.0,170.0,0.07315152332557773,0.002427798936358272,0.34,65.44286933428059,13.016047021254543,0.19406361564512,2.0,2.0,0.4916119559634031,0.004864351134459159,1.5729383696337031,2.0
24.0,180.0,0.11243468255010214,0.003928315922452441,0.35000000000000003,66.30279889520301,13.14680317353232,0.19406361564512,2.0,2.0,0.4916119559634031,0.004864351134459159,1.1517618364148743,2.0
24.0,190.0,0.0601707156689244,-0.005226396688117774,0.34,67.10689277070091,13.274542676294793,0.19406361564512,2.0,2.0,0.4916119559634031,0.004864351134459159,0.9099166056351499,2.0
24.0,200.0,0.04547794844545905,-0.0014692767223465353,0.33,67.58845180230588,13.39902237013822,0.19406361564512,2.0,2.0,0.4916119559634031,0.004864351134459159,0.9907387091894059,2.0
24.0,210.0,0.03421142675137645,-0.00112665216940826,0.34,68.05571212105721,13.520005300890404,0.19406361564512,2.0,2.0,0.4916119559634031,0.004864351134459159,0.9575934492409223,2.0
24.0,220.0,0.046288877648869686,0.0012077450897493235,0.35000000000000003,68.47844554938092,13.637261170666442,0.19406361564512,2.0,2.0,0.4916119559634031,0.004864351134459159,0.8818987701381716,2.0
24.0,230.0,0.0372167627599147,-0.0009072114888954985,0.35000000000000003,69.12541054973966,13.75056677625382,0.19406361564512,2.0,2.0,0.4916119559634031,0.004864351134459159,0.6065761031344764,2.0
24.0,240.0,0.03507257810547415,-0.00021441846544405506,0.34,69.61902190402994,13.859706433992436,0.19406361564512,2.0,2.0,0.4916119559634031,0.004864351134459159,0.4686419197536324,2.0
24.0,250.0,0.026506750831082115,-0.0008565827274392035,0.34,69.86132625634181,13.964472390340696,0.19406361564512,2.0,2.0,0.4916119559634031,0.004864351134459159,0.665852448726969,2.0
24.0,260.0,0.04461111585816724,0.0018104365027085123,0.35000000000000003,70.31436713610861,14.064665217346182,0.19406361564512,2.0,2.0,0.4916119559634031,0.004864351134459159,0.6165723397584031,2.0
24.0,270.0,0.01257998256724946,-0.0032031133290917778,0.35000000000000003,70.64750173526069,14.160094192268097,0.19406361564512,2.0,2.0,0.4916119559634031,0.004864351134459159,0.5241079642613818,2.0
24.0,280.0,0.027568924314184784,0.0014988941746935324,0.34,70.8071447816267,14.250577660628856,0.19406361564512,2.0,2.0,0.4916119559634031,0.004864351134459159,0.7743218032473316,2.0
24.0,290.0,0.0447037959556944,0.001713487164150962,0.35000000000000003,71.08394603079337,14.335943382003677,0.19406361564512,2.0,2.0,0.4916119559634031,0.004864351134459159,0.9425198986289386,2.0
24.0,300.0,0.03036544868641755,-0.0014338347269276853,0.35000000000000003,71.5557999378814,14.416028857890062,0.19406361564512,2.0,2.0,0.4916119559634031,0.004864351134459159,0.6611097828707025,2.0
25.0,0.0,2.553631867853831,0.0,0.0,0.0,4.3715845831190485,0.12338853224557358,3.0,2.0,0.6324598482636625,2.0124238418375743e-05,124.8136642034745,0.0
25.0,10.0,2.6492549510773316,0.009562308322350077,0.75,0.0,4.461723403882509,0.12338853224557358,3.0,2.0,0.439863329019887,0.004661669837190028,68.67161043246475,0.0
25.0,20.0,1.7961213258892137,-0.08531336251881179,1.0,1.9112457763814383,4.551795756374975,0.12338853224557358,3.0,1.0,0.5174862694351612,0.004053625945382633,25.56034584271383,0.0
25.0,30.0,0.29031487801718114,-0.15058064478720326,0.5,12.993460295635291,4.641630182754096,0.12338853224557358,2.0,1.0,0.6324598482636625,2.0124238418375743e-05,9.826783288389024,0.0
25.0,40.0,-0.5230773661075965,-0.08133922441247776,0.0,13.365780064456171,4.7310556780834006,0.12338853224557358,1.0,1.0,0.5433605829069192,0.004458988539920897,11.967953935335089,0.0
25.0,50.0,-0.1486140550529811,0.03744633110546154,0.0,13.365780064456171,4.819902015849927,0.12338853224557358,2.0,3.0,0.5433605829069192,0.004458988539920897,10.414537551617101,0.0
25.0,60.0,0.3080961416899477,0.04567101967429288,0.25,14.140839676133126,4.908000072000032,0.12338853224557358,2.0,3.0,0.5433605829069192,0.004458988539920897,11.300681155222062,0.0
25.0,70.0,0.537308434002842,0.02292122923128943,0.34,18.726627724360263,4.995182146876672,0.12338853224557358,2.0,2.0,0.5433605829069192,0.004458988539920897,7.801589638485426,0.0
25.0,80.0,0.32432082419520825,-0.021298760980763377,0.28,23.32665400236799,5.081282284445212,0.12338853224557358,2.0,2.0,0.5433605829069192,0.004458988539920897,4.951764558990738,0.0
25.0,90.0,0.15361948320181185,-0.01707013409933964,0.25,25.757004049751977,5.166136588200182,0.12338853224557358,2.0,2.0,0.6324598482636625,2.0124238418375743e-05,37.08941772525811,0.0
25.0,100.0,0.14731320802334125,-0.00063062751784706,0.25,27.301652808516828,5.249583533151576,0.12338853224557358,2.0,2.0,0.6324598482636625,2.0124238418375743e-05,58.41469307427893,0.0
25.0,110.0,0.08713215559679455,-0.00601810524265467,0.25,28.37674439374845,5.3314642732968665,0.12338853224557358,2.0,2.0,0.6324598482636625,2.0124238418375743e-05,92.03753354738475,0.0
25.0,120.0,-1.7670723363514362,-0.1854204491948231,0.0,28.545533940824637,3.540276607403463,0.12338853224557358,1.0,0.0,0.5174862694351612,0.004053625945382633,70.43073911565858,0.0
25.0,130.0,-1.331228739309573,0.04358435970418632,0.0,28.545533940824637,3.6185606220656297,0.12338853224557358,1.0,3.0,0.5174862694351612,0.004053625945382633,37.39929182429174,0.0
25.0,140.0,-0.9048443536476825,0.042638438566189055,0.0,28.545533940824637,3.6948209626221526,0.12338853224557358,1.0,3.0,0.439863329019887,0.004661669837190028,16.176192893778303,0.0
25.0,150.0,-0.46899970979474404,0.04358446438529384,0.0,28.545533940824637,3.7689124631804347,0.12338853224557358,1.0,3.0,0.4916119559634031,0.004864351134459159,7.296116364807575,0.0
25.0,160.0,-0.09592057220925909,0.03730791375854849,0.0,28.0116009255628,3.840694086358077,0.12338853224557358,2.0,3.0,0.4916119559634031,0.004864351134459159,4.673658587915458,0.0
25.0,170.0,0.29799944967657765,0.03939200218858367,0.26,28.886134153623782,3.910029191755555,0.12338853224557358,2.0,3.0,0.5174862694351612,0.004053625945382633,4.686551034061915,0.0
25.0,180.0,0.2118635683085941,-0.008613588136798356,0.25,31.634030978843462,3.976785796058998,0.12338853224557358,2.0,2.0,0.5174862694351612,0.004053625945382633,2.6213574492274234,0.0
25.0,190.0,0.06398736928994708,-0.014787619901864701,0.25,33.108702080086594,4.040836824277914,0.12338853224557358,2.0,2.0,0.4916119559634031,0.004864351134459159,3.2759513122172024,0.0
25.0,200.0,-0.07305005114982421,-0.013703742043977129,0.0,33.077260230729095,4.102060351639668,0.12338853224557358,2.0,2.0,0.439863329019887,0.004661669837190028,2.466000716575774,0.0
25.0,210.0,0.14022912599165238,0.02132791771414766,0.25,32.961519509277124,4.160339835680212,0.12338853224557358,2.0,2.0,0.439863329019887,0.004661669837190028,4.371558019504076,0.0
25.0,220.0,0.22817237080300856,0.008794324481135618,0.26,35.22124561868682,4.215564338089283,0.12338853224557358,2.0,2.0,0.5174862694351612,0.004053625945382633,3.2906617714585864,0.0
25.0,230.0,0.07823422770863431,-0.014993814309437425,0.25,36.86709774629904,4.26762873588779,0.12338853224557358,2.0,2.0,0.5433605829069192,0.004458988539920897,2.989730020722151,0.0
25.0,240.0,-0.058450024793163635,-0.013668425250179795,0.25,37.06931937032412,4.316433921535374,0.12338853224557358,2.0,2.0,0.5433605829069192,0.004458988539920897,4.530473724270008,0.0
25.0,250.0,-0.04426534328256437,0.0014184681510599263,0.0,36.16019900043219,4.361886991587252,0.12338853224557358,2.0,2.0,0.5433605829069192,0.004458988539920897,3.1947961294721554,0.0
25.0,260.0,0.22105610422040556,0.026532144750296992,0.26,36.99214392067239,4.403901423541196,0.12338853224557358,2.0,3.0,0.5174862694351612,0.004053625945382633,3.6444215415753667,0.0
25.0,270.0,0.12312604014883988,-0.009793006407156569,0.25,38.877238393550996,4.442397240538039,0.12338853224557358,2.0,2.0,0.5174862694351612,0.004053625945382633,2.6677758274708565,0.0
25.0,280.0,0.007904799088063186,-0.011522124106077669,0.25,39.64051830245137,4.477301163602167,0.12338853224557358,2.0,2.0,0.5433605829069192,0.004458988539920897,3.7981698249870424,0.0
25.0,290.0,-0.12772954978188267,-0.013563434886994585,0.0,39.242570854798075,4.508546751132215,0.12338853224557358,2.0,2.0,0.5433605829069192,0.004458988539920897,3.7765464578988177,0.0
25.0,300.0,0.030163142027806344,0.0157892691809689,0.25,38.24252500264259,4.536074525376446,0.12338853224557358,2.0,2.0,0.5174862694351612,0.004053625945382633,3.7917474561273585,0.0
25.0,0.0,2.5641361438391606,0.0,0.0,0.0,4.3715845831190485,0.12338853224557358,3.0,2.0,0.6324598482636625,2.0124238418375743e-05,124.86618521363073,1.0
25.0,10.0,2.6494309863117955,0.008529484247263497,0.75,0.0,4.461723403882509,0.12338853224557358,3.0,2.0,0.439863329019887,0.004661669837190028,68.67249018117386,1.0
25.0,20.0,1.770704735375734,-0.08787262509360616,1.0,0.0,4.551795756374975,0.12338853224557358,3.0,1.0,0.5174862694351612,0.004053625945382633,24.186181529182456,1.0
25.0,30.0,0.22162527071753857,-0.15490794646581954,0.6,7.525583768634764,4.641630182754096,0.12338853224557358,2.0,1.0,0.5174862694351612,0.004053625945382633,14.3858849756779,1.0
25.0,40.0,-0.6672477473058471,-0.08888730180233857,0.0,7.826958057827717,4.7310556780834006,0.12338853224557358,1.0,1.0,0.4916119559634031,0.004864351134459159,13.768353021041786,1.0
25.0,50.0,-0.2797227437541139,0.038752500355173324,0.0,7.826958057827717,4.819902015849927,0.12338853224557358,2.0,3.0,0.5433605829069192,0.004458988539920897,12.0571361419762,1.0
25.0,60.0,0.19717205441121166,0.04768947981653256,0.0,8.154950595134231,4.908000072000032,0.12338853224557358,2.0,3.0,0.5433605829069192,0.004458988539920897,13.207082262442936,1.0
25.0,70.0,0.5770642308189515,0.03798921764077399,0.35000000000000003,12.092281011066277,4.995182146876672,0.12338853224557358,2.0,3.0,0.5433605829069192,0.004458988539920897,11.104346585799126,1.0
25.0,80.0,0.45281083575629566,-0.012425339506265587,0.3,17.72603669624999,5.081282284445212,0.12338853224557358,2.0,2.0,0.5433605829069192,0.004458988539920897,6.3739888288042845,1.0
25.0,90.0,0.2246700281392613,-0.022814080761703437,0.25,21.031676231178345,5.166136588200182,0.12338853224557358,2.0,2.0,0.6324598482636625,2.0124238418375743e-05,34.974786556125466,1.0
25.0,100.0,0.19612449500379014,-0.0028545533135471146,0.0,22.997969993902913,5.249583533151576,0.12338853224557358,2.0,2.0,0.6324598482636625,2.0124238418375743e-05,58.64640438428001,1.0
25.0,110.0,0.5053945971136535,0.030927010210986337,0.31,26.351033746949668,5.3314642732968665,0.12338853224557358,2.0,3.0,0.6324598482636625,2.0124238418375743e-05,67.88969055726508,1.0
25.0,120.0,-1.39129257044495,-0.18966871675586033,0.0,27.367811062698312,3.540276607403463,0.12338853224557358,1.0,0.0,0.5174862694351612,0.004053625945382633,43.900728586808505,1.0
25.0,130.0,-1.0036792182855372,0.03876133521594127,0.0,27.367811062698312,3.6185606220656297,0.12338853224557358,1.0,3.0,0.6324598482636625,2.0124238418375743e-05,19.662822044612454,1.0
25.0,140.0,-0.5840461568161786,0.041963306146935865,0.0,27.367811062698312,3.6948209626221526,0.12338853224557358,1.0,3.0,0.5433605829069192,0.004458988539920897,8.809939513837193,1.0
25.0,150.0,-0.1644518841000071,0.041959427271617146,0.0,27.367811062698312,3.7689124631804347,0.12338853224557358,2.0,3.0,0.5433605829069192,0.004458988539920897,5.40829126662122,1.0
25.0,160.0,0.21404809806050196,0.03784999821605091,0.0,27.857558095194282,3.840694086358077,0.12338853224557358,2.0,3.0,0.4916119559634031,0.004864351134459159,8.093121891946213,1.0
25.0,170.0,0.4653602504291676,0.025131215236866566,0.29,31.439765465758615,3.910029191755555,0.12338853224557358,2.0,3.0,0.439863329019887,0.004661669837190028,6.395825645473079,1.0
25.0,180.0,0.3240323658508686,-0.014132788457829903,0.25,35.449199008093856,3.976785796058998,0.12338853224557358,2.0,2.0,0.5174862694351612,0.004053625945382633,4.114545190110503,1.0
25.0,190.0,0.15197887316163872,-0.017205349268922986,0.0,37.85593501059219,4.040836824277914,0.12338853224557358,2.0,2.0,0.5174862694351612,0.004053625945382633,3.008769434623133,1.0
25.0,200.0,0.24325646546131807,0.009127759229967936,0.25,39.30140304741191,4.102060351639668,0.12338853224557358,2.0,2.0,0.5174862694351612,0.004053625945382633,8.053677686861544,1.0
25.0,210.0,0.46451797891677415,0.02212615134554561,0.29,43.07789999934445,4.160339835680212,0.12338853224557358,2.0,2.0,0.5174862694351612,0.004053625945382633,7.402936559444666,1.0
25.0,220.0,0.3092342482331567,-0.015528373068361745,0.25,47.10085205421352,4.215564338089283,0.12338853224557358,2.0,2.0,0.5174862694351612,0.004053625945382633,5.124837885576125,1.0
25.0,230.0,0.15051165472788242,-0.01587225935052743,0.0,49.326078773547906,4.26762873588779,0.12338853224557358,2.0,2.0,0.5174862694351612,0.004053625945382633,3.8042947150527002,1.0
25.0,240.0,0.2718941049240087,0.012138245019612626,0.25,51.0251958035378,4.316433921535374,0.12338853224557358,2.0,2.0,0.5174862694351612,0.004053625945382633,8.788243938436658,1.0
25.0,250.0,0.414439303667276,0.014254519874326733,0.27,54.91865456969615,4.361886991587252,0.12338853224557358,2.0,2.0,0.6324598482636625,2.0124238418375743e-05,8.077554410473695,1.0
25.0,260.0,0.2689564516991041,-0.01454828519681719,0.25,58.50582259704169,4.403901423541196,0.12338853224557358,2.0,2.0,0.5174862694351612,0.004053625945382633,6.3669522160119,1.0
25.0,270.0,0.14781551255742542,-0.012114093914167868,0.0,60.48927942062288,4.442397240538039,0.12338853224557358,2.0,2.0,0.5174862694351612,0.004053625945382633,6.432568521056112,1.0
25.0,280.0,0.37295586041395623,0.02251403478565308,0.25,62.58423065649693,4.477301163602167,0.12338853224557358,2.0,2.0,0.6324598482636625,2.0124238418375743e-05,9.521241274090325,1.0
25.0,290.0,0.42020874261720564,0.004725288220324942,0.28,66.90626436957129,4.508546751132215,0.12338853224557358,2.0,2.0,0.6324598482636625,2.0124238418375743e-05,8.330012019546178,1.0
25.0,300.0,0.23265926087099587,-0.018754948174620978,0.25,70.21796856382102,4.536074525376446,0.12338853224557358,2.0,2.0,0.5174862694351612,0.004053625945382633,7.861598187901346,1.0
25.0,0.0,2.564121927769037,0.0,0.0,0.0,4.3715845831190485,0.12338853224557358,3.0,2.0,0.6324598482636625,2.0124238418375743e-05,124.86611413378054,2.0
25.0,10.0,2.628783781876578,0.006466185410754122,0.75,0.0,4.461723403882509,0.12338853224557358,3.0,2.0,0.439863329019887,0.004661669837190028,68.56930429624192,2.0
25.0,20.0,1.774745018075084,-0.08540387638014942,0.87,6.082732755398695,4.551795756374975,0.12338853224557358,3.0,1.0,0.439863329019887,0.004661669837190028,20.60422701791534,2.0
25.0,30.0,0.3738384981573013,-0.14009065199177825,0.37,17.228794824072043,4.641630182754096,0.12338853224557358,2.0,1.0,0.4916119559634031,0.004864351134459159,7.441118915037136,2.0
25.0,40.0,-0.2154985987211191,-0.05893370968784204,0.0,17.696457037405906,4.7310556780834006,0.12338853224557358,2.0,1.0,0.5433605829069192,0.004458988539920897,9.945043205049497,2.0
25.0,50.0,0.09287920715919995,0.030837780588031903,0.0,17.28078960201654,4.819902015849927,0.12338853224557358,2.0,3.0,0.5433605829069192,0.004458988539920897,10.045769845834918,2.0
25.0,60.0,0.4387094043937978,0.034583019723459785,0.28,20.011140509933803,4.908000072000032,0.12338853224557358,2.0,3.0,0.5433605829069192,0.004458988539920897,8.836982645545174,2.0
25.0,70.0,0.4226661947533543,-0.0016043209640443478,0.3,24.606939755923168,4.995182146876672,0.12338853224557358,2.0,2.0,0.5433605829069192,0.004458988539920897,6.245493863355012,2.0
25.0,80.0,0.26606650513336305,-0.015659968961999126,0.25,28.071821788494162,5.081282284445212,0.12338853224557358,2.0,2.0,0.5433605829069192,0.004458988539920897,5.061006155383462,2.0
25.0,90.0,0.19348992688781763,-0.007257657824554542,0.25,30.33347263091998,5.166136588200182,0.12338853224557358,2.0,2.0,0.6324598482636625,2.0124238418375743e-05,37.36384577475056,2.0
25.0,100.0,0.12167899955768391,-0.007181092733013372,0.25,32.015462228394604,5.249583533151576,0.12338853224557358,2.0,2.0,0.6324598482636625,2.0124238418375743e-05,57.748256536860424,2.0
25.0,110.0,0.10068688084836808,-0.002099211870931583,0.25,33.22864858251412,5.3314642732968665,0.12338853224557358,2.0,2.0,0.6324598482636625,2.0124238418375743e-05,90.95018155157268,2.0
25.0,120.0,-1.7428016932749237,-0.18434885741232918,0.0,33.4183967035645,3.540276607403463,0.12338853224557358,1.0,0.0,0.5174862694351612,0.004053625945382633,69.30705759082227,2.0
25.0,130.0,-1.341144568333597,0.04016571249413268,0.0,33.4183967035645,3.6185606220656297,0.12338853224557358,1.0,3.0,0.5174862694351612,0.004053625945382633,36.68989151479124,2.0
25.0,140.0,-0.8756737534469288,0.04654708148866682,0.0,33.4183967035645,3.6948209626221526,0.12338853224557358,1.0,3.0,0.439863329019887,0.004661669837190028,15.590563053575284,2.0
25.0,150.0,-0.48342235082881047,0.03922514026181183,0.0,33.4183967035645,3.7689124631804347,0.12338853224557358,1.0,3.0,0.5433605829069192,0.004458988539920897,6.75962042801141,2.0
25.0,160.0,-0.05231504803733955,0.043110730279147094,0.0,32.21441908634961,3.840694086358077,0.12338853224557358,2.0,3.0,0.4916119559634031,0.004864351134459159,3.313786396845712,2.0
25.0,170.0,0.2082763823717073,0.026059143040904686,0.25,33.07398606545961,3.910029191755555,0.12338853224557358,2.0,3.0,0.5174862694351612,0.004053625945382633,3.2387445681062004,2.0
25.0,180.0,0.11157932418226224,-0.009669705818944507,0.25,34.76242788999523,3.976785796058998,0.12338853224557358,2.0,2.0,0.5433605829069192,0.004458988539920897,2.920595499874235,2.0
25.0,190.0,-0.03656908812650883,-0.014814841230877108,0.25,35.241033814914346,4.040836824277914,0.12338853224557358,2.0,2.0,0.4916119559634031,0.004864351134459159,4.319171961430215,2.0
25.0,200.0,-0.14833324067204856,-0.011176415254553974,0.0,34.32466916916438,4.102060351639668,0.12338853224557358,2.0,2.0,0.4916119559634031,0.004864351134459159,3.723787680115157,2.0
25.0,210.0,0.03234754238846804,0.01806807830605166,0.25,33.2769595260499,4.160339835680212,0.12338853224557358,2.0,2.0,0.5433605829069192,0.004458988539920897,3.6831865489181537,2.0
25.0,220.0,0.21050331120979493,0.01781557688213269,0.25,34.969809704706705,4.215564338089283,0.12338853224557358,2.0,2.0,0.5174862694351612,0.004053625945382633,2.976823734909056,2.0
25.0,230.0,0.07866244932265687,-0.013184086188713806,0.25,36.40774815585998,4.26762873588779,0.12338853224557358,2.0,2.0,0.5433605829069192,0.004458988539920897,3.0770231305446263,2.0
25.0,240.0,-0.0433877106950078,-0.012205016001766466,0.25,36.63649380030246,4.316433921535374,0.12338853224557358,2.0,2.0,0.5433605829069192,0.004458988539920897,4.491858858459343,2.0
25.0,250.0,-0.16108581393907073,-0.011769810324406294,0.0,35.5634502884062,4.361886991587252,0.12338853224557358,2.0,2.0,0.4916119559634031,0.004864351134459159,3.645605388437513,2.0
25.0,260.0,0.0901296914765446,0.02512155054156153,0.25,34.80130847494661,4.403901423541196,0.12338853224557358,2.0,3.0,0.439863329019887,0.004661669837190028,3.2613780393454106,2.0
25.0,270.0,0.1490542427058088,0.005892455122926421,0.25,36.46794618072201,4.442397240538039,0.12338853224557358,2.0,2.0,0.5174862694351612,0.004053625945382633,2.442222491035758,2.0
25.0,280.0,0.0407666021385964,-0.01082876405672124,0.25,37.375595747997174,4.477301163602167,0.12338853224557358,2.0,2.0,0.439863329019887,0.004661669837190028,3.4792665137981142,2.0
25.0,290.0,-0.08807022317204627,-0.012883682531064266,0.25,37.309933263810294,4.508546751132215,0.12338853224557358,2.0,2.0,0.5433605829069192,0.004458988539920897,4.645466112938706,2.0
25.0,300.0,-0.1741801301168735,-0.008610990694482724,0.0,35.99907728007372,4.536074525376446,0.12338853224557358,2.0,2.0,0.4916119559634031,0.004864351134459159,3.454083669930965,2.0
26.0,0.0,-0.32638457331734116,0.0,0.0,0.0,7.793530462496079,0.18360920624431276,2.0,2.0,0.5433605829069192,0.004458988539920897,24.808749068531515,0.0
26.0,10.0,0.2075009890764754,0.05338855623938166,0.0,0.2853453719782628,7.890019427292618,0.18360920624431276,2.0,3.0,0.5433605829069192,0.004458988539920897,34.92314570143996,0.0
26.0,20.0,0.7376859185119606,0.053018492943548524,0.36,4.600623517354919,7.985676135722837,0.18360920624431276,2.0,3.0,0.5433605829069192,0.004458988539920897,31.029475307803327,0.0
26.0,30.0,0.9858208724555837,0.024813495394362305,0.5700000000000001,13.511177424600675,8.080318499805458,0.18360920624431276,3.0,2.0,0.46919897069945754,0.00010169690560956039,17.907039822008432,0.0
26.0,40.0,0.6263638691356199,-0.03594570033199638,0.45,22.21147282829593,8.173766362421333,0.18360920624431276,2.0,1.0,0.46919897069945754,0.00010169690560956039,6.771080344390137,0.0
26.0,50.0,0.032476345280048946,-0.059388752385557096,0.25,25.54644862819119,8.265841840252744,0.18360920624431276,2.0,1.0,0.439863329019887,0.004661669837190028,8.53806059446687,0.0
26.0,60.0,-0.26882479342478405,-0.0301301138704833,0.0,24.847120812175227,8.356369662394407,0.18360920624431276,2.0,1.0,0.5433605829069192,0.004458988539920897,20.625167376646292,0.0
26.0,70.0,0.06276208659247118,0.03315868800172552,0.0,24.36082466310873,8.445177503991616,0.18360920624431276,2.0,3.0,0.5433605829069192,0.004458988539920897,32.96131890203135,0.0
26.0,80.0,0.6213032824429519,0.055854119585048066,0.38,27.13746457924642,8.53209631427038,0.28036628374835715,2.0,3.0,0.5433605829069192,0.004458988539920897,33.763410947994046,0.0
26.0,90.0,0.9895786410305973,0.03682753585876455,0.64,35.18264472527807,8.61696063833519,0.28036628374835715,3.0,3.0,0.439863329019887,0.004661669837190028,23.25997170583266,0.0
26.0,100.0,0.824676545610906,-0.016490209541969135,0.62,44.67682372465033,8.699608932121823,0.28036628374835715,3.0,2.0,0.46919897069945754,0.00010169690560956039,9.265864450621923,0.0
26.0,110.0,0.18504206665668832,-0.06396344789542177,0.35000000000000003,50.089277984271874,8.779883869905621,0.28036628374835715,2.0,1.0,0.439863329019887,0.004661669837190028,7.31954779612748,0.0
26.0,120.0,-0.2631516529170881,-0.04481937195737764,0.0,49.48985667384302,8.85763264377999,0.28036628374835715,2.0,1.0,0.4916119559634031,0.004864351134459159,18.316527655506622,0.0
26.0,130.0,-0.18098172120161138,0.00821699317154767,0.0,46.8422183605697,8.932707254534915,0.28036628374835715,2.0,2.0,0.4916119559634031,0.004864351134459159,29.392396006990975,0.0
26.0,140.0,0.5777243257548008,0.07587060469564122,0.45,48.32077409519145,9.004964793381856,0.28036628374835715,2.0,3.0,0.5433605829069192,0.004458988539920897,31.777585273453152,0.0
26.0,150.0,0.9995673768947029,0.042184305113990204,0.74,56.5430395886996,9.074267713988764,0.28036628374835715,3.0,3.0,0.46919897069945754,0.00010169690560956039,20.876965985140995,0.0
26.0,160.0,0.7245923492707043,-0.027497502762399862,0.67,65.96562934515325,9.14048409430735,0.28036628374835715,2.0,1.0,0.46919897069945754,0.00010169690560956039,10.872897136950098,0.0
26.0,170.0,-0.10825144851401092,-0.08328437977847152,0.25,69.26695785790086,9.203487887694184,0.28036628374835715,2.0,1.0,0.46919897069945754,0.00010169690560956039,15.525959119145261,0.0
26.0,180.0,-0.5931360134724599,-0.0484884564958449,0.0,67.06014664200981,9.263159162847646,0.28036628374835715,1.0,1.0,0.4916119559634031,0.004864351134459159,20.333714620967925,0.0
26.0,190.0,-0.2793687603222246,0.031376725315023536,0.0,65.30495999029036,9.319384332103997,0.28036628374835715,2.0,3.0,0.4916119559634031,0.004864351134459159,22.76989083373971,0.0
26.0,200.0,0.4712699917405665,0.07506387520627911,0.47000000000000003,65.86497530029403,9.372056367657922,0.28036628374835715,2.0,3.0,0.4916119559634031,0.004864351134459159,26.48632943679355,0.0
26.0,210.0,0.8935894343168194,0.04223194425762529,0.76,72.93160367013672,9.421075005296057,0.28036628374835715,3.0,3.0,0.46919897069945754,0.00010169690560956039,15.701053863259279,0.0
26.0,220.0,0.5529049882169979,-0.03406844460998215,0.65,80.9452504444378,9.466346935255633,0.28036628374835715,2.0,1.0,0.46919897069945754,0.00010169690560956039,12.207177293021772,0.0
26.0,230.0,-0.24731794876377222,-0.08002229369807701,0.26,83.25316198917125,9.50778597984488,0.28036628374835715,2.0,1.0,0.46919897069945754,0.00010169690560956039,21.226503512317237,0.0
26.0,240.0,-0.7862172921199644,-0.05388993433561921,0.0,80.23769052947111,9.54531325748717,0.18360920624431276,1.0,1.0,0.4916119559634031,0.004864351134459159,20.129646534750613,0.0
26.0,250.0,-0.5950869234613236,0.019113036865864075,0.0,80.23769052947111,9.578857332876613,0.18360920624431276,1.0,2.0,0.4916119559634031,0.004864351134459159,8.375661737618715,0.0
26.0,260.0,-0.11611849739040636,0.047896842607091726,0.25,76.41248963519764,9.608354352959179,0.18360920624431276,2.0,3.0,0.439863329019887,0.004661669837190028,8.311962833234473,0.0
26.0,270.0,0.3963127776387907,0.051243127502919705,0.51,77.96014982135674,9.633748168480633,0.18360920624431276,2.0,3.0,0.46919897069945754,0.00010169690560956039,8.776228899715347,0.0
26.0,280.0,0.37840112146198734,-0.0017911656176803348,0.53,82.07914892226253,9.654990440869856,0.18360920624431276,2.0,2.0,0.46919897069945754,0.00010169690560956039,7.332560058762969,0.0
26.0,290.0,-0.10988100932178568,-0.0488282130783773,0.31,83.56924471209528,9.672040734254008,0.18360920624431276,2.0,1.0,0.46919897069945754,0.00010169690560956039,14.678680477527067,0.0
26.0,300.0,-0.6286467958161239,-0.051876578649433826,0.0,79.73888306682244,9.68486659243057,0.18360920624431276,1.0,1.0,0.439863329019887,0.004661669837190028,16.31002899364212,0.0
26.0,0.0,-0.2919375302868481,0.0,0.0,0.0,7.793530462496079,0.18360920624431276,2.0,2.0,0.5433605829069192,0.004458988539920897,24.736475626202367,1.0
26.0,10.0,0.17579763588547337,0.04677351661723215,0.0,0.2043356383204724,7.890019427292618,0.18360920624431276,2.0,3.0,0.5433605829069192,0.004458988539920897,34.913615246670176,1.0
26.0,20.0,0.757723012281982,0.05819253763965086,0.33,4.525673772459552,7.985676135722837,0.18360920624431276,3.0,3.0,0.5433605829069192,0.004458988539920897,34.347062667208384,1.0
26.0,30.0,1.070704803657918,0.031298179137593606,0.49,13.835909003425883,8.080318499805458,0.18360920624431276,3.0,3.0,0.439863329019887,0.004661669837190028,23.55577653336666,1.0
26.0,40.0,0.8216700025880002,-0.024903480106991793,0.4,23.45395518464742,8.173766362421333,0.18360920624431276,3.0,2.0,0.439863329019887,0.004661669837190028,9.334290729311487,1.0
26.0,50.0,0.2908244053807856,-0.05308455972072146,0.25,29.301586908455597,8.265841840252744,0.18360920624431276,2.0,1.0,0.5433605829069192,0.004458988539920897,3.050765455901282,1.0
26.0,60.0,0.07502328891673571,-0.021580111646404988,0.0,31.16494407954756,8.356369662394407,0.18360920624431276,2.0,2.0,0.5433605829069192,0.004458988539920897,13.2808165531242,1.0
26.0,70.0,0.30423339918423764,0.022921011026750194,0.0,32.591549771082086,8.445177503991616,0.18360920624431276,2.0,2.0,0.5433605829069192,0.004458988539920897,37.25063248005319,1.0
26.0,80.0,0.8125610619719232,0.05083276627876856,0.37,37.84435004773768,8.53209631427038,0.28036628374835715,3.0,3.0,0.5433605829069192,0.004458988539920897,45.6273651373593,1.0
26.0,90.0,1.2028091687060716,0.03902481067341483,0.5700000000000001,48.24018926846603,8.61696063833519,0.28036628374835715,3.0,3.0,0.439863329019887,0.004661669837190028,36.98524118357084,1.0
26.0,100.0,1.021739190312946,-0.018106997839312557,0.52,59.85852674983492,8.699608932121823,0.28036628374835715,3.0,2.0,0.439863329019887,0.004661669837190028,21.38733537013429,1.0
26.0,110.0,0.654695579824704,-0.0367043610488242,0.33,68.66356489300797,8.779883869905621,0.28036628374835715,2.0,1.0,0.5174862694351612,0.004053625945382633,9.054060140488634,1.0
26.0,120.0,0.3575896924999533,-0.029710588732475073,0.25,73.68791913129152,8.85763264377999,0.28036628374835715,2.0,1.0,0.4916119559634031,0.004864351134459159,10.399259245082517,1.0
26.0,130.0,0.48018746353376685,0.012259777103381353,0.25,77.45474522112421,8.932707254534915,0.28036628374835715,2.0,2.0,0.439863329019887,0.004661669837190028,18.53245955892202,1.0
26.0,140.0,0.6476352933479426,0.016744782981417572,0.31,82.8417042828248,9.004964793381856,0.28036628374835715,2.0,2.0,0.439863329019887,0.004661669837190028,28.22723673731326,1.0
26.0,150.0,0.8507378635318119,0.020310257018386936,0.39,90.27743905229816,9.074267713988764,0.28036628374835715,3.0,2.0,0.439863329019887,0.004661669837190028,30.774732509909292,1.0
26.0,160.0,0.947543396089884,0.009680553255807212,0.44,99.33625056038647,9.14048409430735,0.28036628374835715,3.0,2.0,0.5174862694351612,0.004053625945382633,26.655525528182004,1.0
26.0,170.0,0.7710976106504432,-0.01764457854394408,0.37,108.28464674176844,9.203487887694184,0.28036628374835715,3.0,2.0,0.5174862694351612,0.004053625945382633,18.494514117135154,1.0
26.0,180.0,0.5689249088110309,-0.02021727018394124,0.28,115.02266973750385,9.263159162847646,0.28036628374835715,2.0,2.0,0.5174862694351612,0.004053625945382633,14.937270547464161,1.0
26.0,190.0,0.5548876557614726,-0.0014037253049558273,0.26,120.28983111600547,9.319384332103997,0.28036628374835715,2.0,2.0,0.5174862694351612,0.004053625945382633,21.803934472614433,1.0
26.0,200.0,0.6665919206273081,0.011170426486583552,0.33,126.2774880091232,9.372056367657922,0.28036628374835715,2.0,2.0,0.5174862694351612,0.004053625945382633,28.98043915247576,1.0
26.0,210.0,0.8315714521528115,0.016497953152550336,0.39,133.90357837302292,9.421075005296057,0.28036628374835715,3.0,2.0,0.5174862694351612,0.004053625945382633,30.683291760151192,1.0
26.0,220.0,0.86411314659345,0.003254169444063848,0.42,142.59481299388145,9.466346935255633,0.28036628374835715,3.0,2.0,0.46919897069945754,0.00010169690560956039,27.4945367354078,1.0
26.0,230.0,0.7549125059678374,-0.010920064062561251,0.37,150.84875450076333,9.50778597984488,0.28036628374835715,3.0,2.0,0.46919897069945754,0.00010169690560956039,17.386268834092157,1.0
26.0,240.0,0.5470081251590564,-0.020790438080878104,0.29,157.5770762084813,9.54531325748717,0.18360920624431276,2.0,2.0,0.46919897069945754,0.00010169690560956039,11.394905126369451,1.0
26.0,250.0,0.32746854041598894,-0.021953958474306746,0.25,161.97849415823657,9.578857332876613,0.18360920624431276,2.0,2.0,0.46919897069945754,0.00010169690560956039,10.319810512653017,1.0
26.0,260.0,0.2510385417660643,-0.0076429998649924615,0.25,165.07219203340566,9.608354352959179,0.18360920624431276,2.0,2.0,0.46919897069945754,0.00010169690560956039,10.827730797971686,1.0
26.0,270.0,0.3282472031149233,0.007720866134885896,0.25,167.9407751627175,9.633748168480633,0.18360920624431276,2.0,2.0,0.46919897069945754,0.00010169690560956039,11.7778588854069,1.0
26.0,280.0,0.33289408605462256,0.00046468829396992815,0.25,171.1081840394246,9.654990440869856,0.18360920624431276,2.0,2.0,0.46919897069945754,0.00010169690560956039,12.575866399281303,1.0
26.0,290.0,0.3761813557792273,0.004328726972460473,0.25,174.80870676492893,9.672040734254008,0.18360920624431276,2.0,2.0,0.46919897069945754,0.00010169690560956039,13.43191773932509,1.0
26.0,300.0,0.40902306554791323,0.0032841709768685946,0.25,178.84523372689983,9.68486659243057,0.18360920624431276,2.0,2.0,0.46919897069945754,0.00010169690560956039,14.245970071341528,1.0
26.0,0.0,-0.2877504330891263,0.0,0.0,0.0,7.793530462496079,0.18360920624431276,2.0,2.0,0.5433605829069192,0.004458988539920897,24.72769066525291,2.0
26.0,10.0,0.1925170588400782,0.04802674919292045,0.0,0.25149947278574203,7.890019427292618,0.18360920624431276,2.0,3.0,0.5433605829069192,0.004458988539920897,34.93950124146845,2.0
26.0,20.0,0.7241232614362865,0.05316062025962083,0.32,4.579664572966816,7.985676135722837,0.18360920624431276,2.0,3.0,0.5433605829069192,0.004458988539920897,34.54277912150412,2.0
26.0,30.0,1.0022272036303193,0.02781039421940328,0.51,13.600206692613085,8.080318499805458,0.18360920624431276,3.0,3.0,0.439863329019887,0.004661669837190028,23.611919376296314,2.0
26.0,40.0,0.8113417303018835,-0.019088547332843576,0.49,23.246185682314472,8.173766362421333,0.18360920624431276,3.0,2.0,0.46919897069945754,0.00010169690560956039,8.40506612054569,2.0
26.0,50.0,0.28581670324193453,-0.052552502705994895,0.28,29.10785865191967,8.265841840252744,0.18360920624431276,2.0,1.0,0.439863329019887,0.004661669837190028,5.75401351017247,2.0
26.0,60.0,-0.15749872192914793,-0.04433154251710825,0.0,29.672418471514035,8.356369662394407,0.18360920624431276,2.0,1.0,0.439863329019887,0.004661669837190028,14.64997028796428,2.0
26.0,70.0,-0.21638822623808096,-0.005888950430893302,0.0,27.46014218948872,8.445177503991616,0.18360920624431276,2.0,2.0,0.4916119559634031,0.004864351134459159,29.659754879927135,2.0
26.0,80.0,0.2701856969544494,0.048657392319253034,0.25,27.410865888082753,8.53209631427038,0.28036628374835715,2.0,3.0,0.5433605829069192,0.004458988539920897,38.95772068732524,2.0
26.0,90.0,0.919572531025679,0.06493868340712297,0.53,33.14804422616736,8.61696063833519,0.28036628374835715,3.0,3.0,0.5433605829069192,0.004458988539920897,35.30618872960561,2.0
26.0,100.0,1.1223529920233126,0.020278046099763358,0.6900000000000001,43.66600571677105,8.699608932121823,0.28036628374835715,3.0,2.0,0.46919897069945754,0.00010169690560956039,20.391426070151873,2.0
26.0,110.0,0.6075449258400063,-0.051480806618330634,0.53,53.00936075418432,8.779883869905621,0.28036628374835715,2.0,1.0,0.46919897069945754,0.00010169690560956039,8.191715765360566,2.0
26.0,120.0,-0.046306165167791846,-0.06538510910077981,0.27,56.38574352527588,8.85763264377999,0.28036628374835715,2.0,1.0,0.439863329019887,0.004661669837190028,10.523244043065283,2.0
26.0,130.0,-0.3515847708176487,-0.030527860564985687,0.0,54.27144685702299,8.932707254534915,0.28036628374835715,2.0,1.0,0.4916119559634031,0.004864351134459159,16.432183732562162,2.0
26.0,140.0,-0.18783371576241592,0.01637510550552328,0.25,51.117120137799475,9.004964793381856,0.28036628374835715,2.0,2.0,0.4916119559634031,0.004864351134459159,22.002528420893864,2.0
26.0,150.0,0.4112674796189566,0.059910119538137255,0.4,51.85305180134695,9.074267713988764,0.28036628374835715,2.0,3.0,0.5433605829069192,0.004458988539920897,21.865099827200808,2.0
26.0,160.0,0.7387998018011075,0.03275323221821509,0.61,58.112366122058326,9.14048409430735,0.28036628374835715,2.0,3.0,0.439863329019887,0.004661669837190028,16.988005489097663,2.0
26.0,170.0,0.5746215828048662,-0.01641782189962413,0.56,65.27249327361966,9.203487887694184,0.28036628374835715,2.0,2.0,0.46919897069945754,0.00010169690560956039,7.699685852390782,2.0
26.0,180.0,0.11922408072528867,-0.04553975020795775,0.38,69.18454790180579,9.263159162847646,0.28036628374835715,2.0,1.0,0.5174862694351612,0.004053625945382633,8.373116113869923,2.0
26.0,190.0,-0.3010504526029827,-0.04202745333282713,0.25,68.2674735374962,9.319384332103997,0.28036628374835715,2.0,1.0,0.439863329019887,0.004661669837190028,7.936390391428247,2.0
26.0,200.0,-0.34079732237772475,-0.0039746869774742065,0.25,64.67422619620496,9.372056367657922,0.28036628374835715,2.0,2.0,0.4916119559634031,0.004864351134459159,6.774842775400519,2.0
26.0,210.0,-0.12415177651140752,0.021664554586631725,0.25,62.344986490477744,9.421075005296057,0.28036628374835715,2.0,2.0,0.4916119559634031,0.004864351134459159,7.3571699412779505,2.0
26.0,220.0,0.15077359546052804,0.027492537197193558,0.35000000000000003,62.512629022385134,9.466346935255633,0.28036628374835715,2.0,3.0,0.439863329019887,0.004661669837190028,7.924289982572194,2.0
26.0,230.0,0.3560908159464553,0.020531722048592726,0.46,65.19429877583201,9.50778597984488,0.28036628374835715,2.0,2.0,0.46919897069945754,0.00010169690560956039,8.028750599754105,2.0
26.0,240.0,0.28764939763082253,-0.006844141831563277,0.46,68.6535775248855,9.54531325748717,0.18360920624431276,2.0,2.0,0.46919897069945754,0.00010169690560956039,6.776970449038577,2.0
26.0,250.0,-0.11068877501862673,-0.03983381726494493,0.28,69.47904720105237,9.578857332876613,0.18360920624431276,2.0,1.0,0.46919897069945754,0.00010169690560956039,10.783693996382734,2.0
26.0,260.0,-0.44731842393496635,-0.033662964891633965,0.0,66.35358155406361,9.608354352959179,0.18360920624431276,1.0,1.0,0.439863329019887,0.004661669837190028,12.100235097456233,2.0
26.0,270.0,-0.4469591227894121,3.593011455542694e-05,0.0,61.65915984446457,9.633748168480633,0.18360920624431276,1.0,2.0,0.439863329019887,0.004661669837190028,9.951722982976717,2.0
26.0,280.0,0.00025392143228231134,0.04472130442216944,0.25,58.96381984472569,9.654990440869856,0.18360920624431276,2.0,3.0,0.4916119559634031,0.004864351134459159,7.111286199213926,2.0
26.0,290.0,0.3073965056189891,0.030714258418670683,0.42,61.13299528061633,9.672040734254008,0.18360920624431276,2.0,3.0,0.5174862694351612,0.004053625945382633,7.681769714793131,2.0
26.0,300.0,0.29882846197858726,-0.0008568043640401867,0.42,64.33260643131042,9.68486659243057,0.18360920624431276,2.0,2.0,0.46919897069945754,0.00010169690560956039,6.605222080667277,2.0
27.0,0.0,-0.14976717590186794,0.0,0.0,0.0,10.879662101904469,0.16253114845482317,2.0,2.0,1.0788321823647267,0.0002073000284870151,26.423764596861737,0.0
27.0,10.0,0.6637801072594485,0.08135472831613164,0.3,1.8146653860760047,10.895659626355016,0.16253114845482317,2.0,3.0,0.5433605829069192,0.004458988539920897,36.88542028256767,0.0
27.0,20.0,1.1753185309460008,0.051153842368655236,0.62,11.282004686293298,10.910969750811358,0.16253114845482317,3.0,3.0,0.439863329019887,0.004661669837190028,22.883555825033014,0.0
27.0,30.0,0.6233830888404981,-0.05519354421055027,0.48,21.692618408955738,10.925563331581419,0.16253114845482317,2.0,1.0,0.5174862694351612,0.004053625945382633,9.748879061515437,0.0
27.0,40.0,-0.24957760820221608,-0.08729606970427142,0.0,24.287929433590946,10.939412588954749,0.16253114845482317,2.0,1.0,0.4916119559634031,0.004864351134459159,17.38369403210742,0.0
27.0,50.0,-0.29012702355753106,-0.004054941535531498,0.0,24.287929433590946,10.952491160082811,0.16253114845482317,2.0,2.0,1.0788321823647267,0.0002073000284870151,22.458420221520072,0.0
27.0,60.0,0.3547413331113667,0.06448683566688977,0.25,24.567667524759983,10.964774149162121,0.16253114845482317,2.0,3.0,0.5433605829069192,0.004458988539920897,23.775800751386978,0.0
27.0,70.0,0.8622465924289777,0.050750525931761103,0.55,30.70240934042547,10.976238174824847,0.16253114845482317,3.0,3.0,0.439863329019887,0.004661669837190028,19.299006113685735,0.0
27.0,80.0,0.6346804900489289,-0.022756610238004883,0.52,38.99325406898197,10.986861414646565,0.16253114845482317,2.0,2.0,0.5174862694351612,0.004053625945382633,9.762750891221142,0.0
27.0,90.0,-0.1697513500596486,-0.08044318401085775,0.0,41.63750810221054,10.99662364668649,0.16253114845482317,2.0,1.0,0.4916119559634031,0.004864351134459159,14.307525681698658,0.0
27.0,100.0,-0.3881212170570514,-0.02183698669974028,0.0,40.972308449079065,11.005506287981088,0.16253114845482317,1.0,2.0,0.4916119559634031,0.004864351134459159,16.28189794931054,0.0
27.0,110.0,0.167695808614031,0.05558170256710824,0.25,40.3401849325588,11.013492429917793,0.16253114845482317,2.0,3.0,0.4916119559634031,0.004864351134459159,17.86183112734117,0.0
27.0,120.0,0.7673559943216652,0.059966018570763426,0.5700000000000001,45.204492696314524,11.02056687042153,0.16253114845482317,3.0,3.0,0.5174862694351612,0.004053625945382633,17.572438831174033,0.0
27.0,130.0,0.44850844383926614,-0.03188475504823991,0.5,52.38141255234591,11.026716142892713,0.16253114845482317,2.0,1.0,1.0788321823647267,0.0002073000284870151,9.503231110279314,0.0
27.0,140.0,-0.27825491396862745,-0.07267633578078936,0.0,53.57660065353038,11.031928541841697,0.16253114845482317,2.0,1.0,0.4916119559634031,0.004864351134459159,14.006574169469516,0.0
27.0,150.0,-0.49513877697357245,-0.0216883863004945,0.0,52.943482595707664,11.036194145170821,0.16253114845482317,1.0,2.0,0.4916119559634031,0.004864351134459159,12.500615221721292,0.0
27.0,160.0,0.20180942358351572,0.06969482005570882,0.27,51.84523306485882,11.03950483306171,0.16253114845482317,2.0,3.0,0.439863329019887,0.004661669837190028,14.27916415353963,0.0
27.0,170.0,0.6286602464827702,0.042685082289925444,0.54,56.49878967297823,11.041854303431794,0.16253114845482317,2.0,3.0,1.0788321823647267,0.0002073000284870151,12.33153728348243,0.0
27.0,180.0,0.2727177938390746,-0.035594245264369564,0.4,61.42893964835747,11.043238083930692,0.16253114845482317,2.0,1.0,0.439863329019887,0.004661669837190028,22.142833142278494,0.0
27.0,190.0,-0.3023313692344196,-0.05750491630734942,0.0,61.3928184930366,11.04365354045358,0.16253114845482317,2.0,1.0,0.439863329019887,0.004661669837190028,70.999689458105,0.0
27.0,200.0,-0.31734813102857373,-0.0015016761794154122,0.0,58.15543886796724,11.04309988215535,0.6421960170488334,2.0,2.0,0.4916119559634031,0.004864351134459159,143.86523470900505,0.0
27.0,210.0,1.6890777180070202,0.2006425849035594,0.6,62.09289031091353,11.041578162956032,0.6421960170488334,3.0,4.0,0.5174862694351612,0.004053625945382633,188.57950388155712,0.0
27.0,220.0,3.115566952491644,0.1426489234484624,1.0,62.09289031091353,11.03909127953462,0.6421960170488334,3.0,3.0,0.439863329019887,0.004661669837190028,139.8253968927857,0.0
27.0,230.0,3.0871542577321485,-0.0028412694759495593,1.0,62.09289031091353,11.035643965815051,0.6421960170488334,3.0,2.0,1.0788321823647267,0.0002073000284870151,112.92708698602613,0.0
27.0,240.0,1.52331405511325,-0.15638402026188986,1.0,62.09289031091353,11.03124278395492,0.16253114845482317,3.0,1.0,1.0788321823647267,0.0002073000284870151,108.16829975518468,0.0
27.0,250.0,-1.010669326782967,-0.2533983381896217,0.0,65.27892764399292,11.025896111854049,0.16253114845482317,1.0,0.0,0.5174862694351612,0.004053625945382633,142.26274154825717,0.0
27.0,260.0,-2.3855246149105405,-0.13748552881275736,0.0,65.27892764399292,11.019614127206655,0.16253114845482317,0.0,1.0,0.5174862694351612,0.004053625945382633,106.771487214808,0.0
27.0,270.0,-2.079535709153692,0.030598890575684833,0.0,65.27892764399292,11.012408788127576,0.16253114845482317,0.0,3.0,0.4916119559634031,0.004864351134459159,54.060585547747294,0.0
27.0,280.0,-1.2365276877336342,0.08430080214200579,0.0,65.27892764399292,11.004293810389267,0.16253114845482317,1.0,3.0,0.4916119559634031,0.004864351134459159,22.56616530950735,0.0
27.0,290.0,-0.2581968482774428,0.09783308394561914,0.0,64.49189474920802,10.995284641313074,0.16253114845482317,2.0,3.0,0.4916119559634031,0.004864351134459159,13.891572351396146,0.0
27.0,300.0,0.5759105719748376,0.08341074202522805,0.52,65.66559079210163,10.98539843036438,0.16253114845482317,2.0,3.0,0.5174862694351612,0.004053625945382633,22.379172888785746,0.0
27.0,0.0,-0.1462157047150825,0.0,0.0,0.0,10.879662101904469,0.16253114845482317,2.0,2.0,1.0788321823647267,0.0002073000284870151,26.4224040421939,1.0
27.0,10.0,0.6612914455057606,0.08075071502208431,0.4,1.804390855378255,10.895659626355016,0.16253114845482317,2.0,3.0,0.5433605829069192,0.004458988539920897,32.1460639392245,1.0
27.0,20.0,1.033896471231234,0.03726050257254734,0.9,5.738233000305726,10.910969750811358,0.16253114845482317,3.0,3.0,0.5174862694351612,0.004053625945382633,27.7032989222597,1.0
27.0,30.0,0.004884247511473205,-0.10290122237197608,0.64,10.768936410160865,10.925563331581419,0.16253114845482317,2.0,1.0,0.5174862694351612,0.004053625945382633,54.96601796143284,1.0
27.0,40.0,-1.2477191237740435,-0.12526033712855167,0.0,10.773820657672339,10.939412588954749,0.16253114845482317,1.0,1.0,0.439863329019887,0.004661669837190028,43.12632777913491,1.0
27.0,50.0,-1.0906309204284668,0.01570882033455767,0.0,10.773820657672339,10.952491160082811,0.16253114845482317,1.0,2.0,1.0788321823647267,0.0002073000284870151,31.91334862721926,1.0
27.0,60.0,-0.3530913696058242,0.07375395508226426,0.0,10.773820657672339,10.964774149162121,0.16253114845482317,2.0,3.0,1.0788321823647267,0.0002073000284870151,26.50005876390261,1.0
27.0,70.0,0.6019362470743417,0.09550276166801659,0.4,12.348619437368992,10.976238174824847,0.16253114845482317,2.0,3.0,0.5433605829069192,0.004458988539920897,28.179931625559064,1.0
27.0,80.0,0.9506275611286945,0.03486913140543528,0.9,16.089275010486865,10.986861414646565,0.16253114845482317,3.0,3.0,0.5174862694351612,0.004053625945382633,29.943640828717605,1.0
27.0,90.0,-0.03243884099318706,-0.09830664021218816,0.0,21.17021947520104,10.99662364668649,0.16253114845482317,2.0,1.0,0.5174862694351612,0.004053625945382633,43.933290370734646,1.0
27.0,100.0,-1.1397598738048558,-0.11073210328116687,0.0,21.17021947520104,11.005506287981088,0.16253114845482317,1.0,1.0,0.439863329019887,0.004661669837190028,35.61485654121472,1.0
27.0,110.0,-0.9235222213263015,0.02162376524785543,0.0,21.17021947520104,11.013492429917793,0.16253114845482317,1.0,2.0,0.5433605829069192,0.004458988539920897,29.260017681033798,1.0
27.0,120.0,-0.07433540202724842,0.0849186819299053,0.0,21.17021947520104,11.02056687042153,0.16253114845482317,2.0,3.0,1.0788321823647267,0.0002073000284870151,26.43192235620907,1.0
27.0,130.0,0.8180520333940713,0.08923874354213197,0.51,24.435612391582847,11.026716142892713,0.16253114845482317,3.0,3.0,0.5174862694351612,0.004053625945382633,27.947200285083763,1.0
27.0,140.0,0.8849240507589755,0.006687201736490423,1.0,27.042213166423224,11.031928541841697,0.16253114845482317,3.0,2.0,0.5174862694351612,0.004053625945382633,53.27429853763137,1.0
27.0,150.0,-0.3359322778871636,-0.12208563286461391,0.0,31.48624508553406,11.036194145170821,0.16253114845482317,2.0,1.0,0.5174862694351612,0.004053625945382633,45.939213718425286,1.0
27.0,160.0,-1.2149979255560908,-0.08790656476689271,0.0,31.48624508553406,11.03950483306171,0.16253114845482317,1.0,1.0,0.4916119559634031,0.004864351134459159,34.65208203098669,1.0
27.0,170.0,-0.8273738685828889,0.03876240569732019,0.0,31.48624508553406,11.041854303431794,0.16253114845482317,1.0,3.0,0.5433605829069192,0.004458988539920897,27.148180612085664,1.0
27.0,180.0,0.10129240987159349,0.09286662784544823,0.0,31.487835734581257,11.043238083930692,0.16253114845482317,2.0,3.0,1.0788321823647267,0.0002073000284870151,34.67379963555747,1.0
27.0,190.0,0.8239099251762099,0.07226175153046163,0.63,35.878770497343986,11.04365354045358,0.16253114845482317,3.0,3.0,1.0788321823647267,0.0002073000284870151,37.00874311231288,1.0
27.0,200.0,0.7124753446823888,-0.011143458049382104,0.8300000000000001,41.74325796100928,11.04309988215535,0.6421960170488334,2.0,2.0,1.0788321823647267,0.0002073000284870151,29.044385588672363,1.0
27.0,210.0,0.7895241303684557,0.007704878568606688,0.86,49.223446857246714,11.041578162956032,0.6421960170488334,3.0,2.0,1.0788321823647267,0.0002073000284870151,20.17209354057208,1.0
27.0,220.0,0.5856426787287958,-0.020388145163965987,0.67,56.232459260116045,11.03909127953462,0.6421960170488334,2.0,2.0,0.439863329019887,0.004661669837190028,20.733488556541882,1.0
27.0,230.0,0.5944299869483594,0.0008787308219563528,0.65,61.90744676188086,11.035643965815051,0.6421960170488334,2.0,2.0,0.5174862694351612,0.004053625945382633,31.868764373651242,1.0
27.0,240.0,-0.08571844719141808,-0.06801484341397775,0.0,66.54541539817171,11.03124278395492,0.16253114845482317,2.0,1.0,0.5433605829069192,0.004458988539920897,29.90199337157959,1.0
27.0,250.0,-0.8922663814866567,-0.08065479342952386,0.0,66.54541539817171,11.025896111854049,0.16253114845482317,1.0,1.0,0.4916119559634031,0.004864351134459159,22.797496172626282,1.0
27.0,260.0,-0.5820090960611424,0.031025728542551433,0.0,66.54541539817171,11.019614127206655,0.16253114845482317,1.0,3.0,0.4916119559634031,0.004864351134459159,9.94120694117749,1.0
27.0,270.0,0.21320386306415884,0.07952129591253013,0.25,66.75504741969347,11.012408788127576,0.16253114845482317,2.0,3.0,0.439863329019887,0.004661669837190028,25.94177054977124,1.0
27.0,280.0,0.893918504842798,0.06807146417786392,0.7000000000000001,72.60746706806935,11.004293810389267,0.16253114845482317,3.0,3.0,0.5174862694351612,0.004053625945382633,38.32025273821908,1.0
27.0,290.0,0.4871337967195828,-0.040678470812321524,0.78,78.15271396222347,10.995284641313074,0.16253114845482317,2.0,1.0,1.0788321823647267,0.0002073000284870151,44.31573062970327,1.0
27.0,300.0,-0.9025556073059384,-0.13896894040255212,0.0,79.23147725446454,10.98539843036438,0.16253114845482317,1.0,1.0,0.439863329019887,0.004661669837190028,39.634381096084866,1.0
27.0,0.0,-0.1084213093230062,0.0,0.0,0.0,10.879662101904469,0.16253114845482317,2.0,2.0,1.0788321823647267,0.0002073000284870151,26.40792515770771,2.0
27.0,10.0,0.6357809870758224,0.07442022963988286,0.25,2.0830682236434193,10.895659626355016,0.16253114845482317,2.0,3.0,0.5433605829069192,0.004458988539920897,38.93499650114248,2.0
27.0,20.0,1.2111506439910578,0.057536965691523535,0.58,11.871725269287381,10.910969750811358,0.16253114845482317,3.0,3.0,0.439863329019887,0.004661669837190028,27.208175742962226,2.0
27.0,30.0,0.8273044411650403,-0.03838462028260174,0.48,22.698868254445575,10.925563331581419,0.16253114845482317,3.0,1.0,0.439863329019887,0.004661669837190028,9.222145705379091,2.0
27.0,40.0,-0.011642528832016552,-0.08389469699970568,0.25,27.21383757750654,10.939412588954749,0.16253114845482317,2.0,1.0,0.4916119559634031,0.004864351134459159,13.323219409794346,2.0
27.0,50.0,-0.20997926054235094,-0.01983367317103344,0.0,25.63201107277431,10.952491160082811,0.16253114845482317,2.0,2.0,0.5433605829069192,0.004458988539920897,20.095716150450748,2.0
27.0,60.0,0.31967205044131575,0.05296513109836667,0.25,25.382103525590704,10.964774149162121,0.16253114845482317,2.0,3.0,0.5433605829069192,0.004458988539920897,20.058780429039775,2.0
27.0,70.0,0.7621670208697324,0.044249497042841666,0.49,31.13996053496077,10.976238174824847,0.16253114845482317,3.0,3.0,0.439863329019887,0.004661669837190028,17.17881574428678,2.0
27.0,80.0,0.6586879353234067,-0.010347908554632568,0.48,38.691232096592486,10.986861414646565,0.16253114845482317,2.0,2.0,0.5174862694351612,0.004053625945382633,8.22852021128652,2.0
27.0,90.0,-0.017908766525902564,-0.06765967018493094,0.25,42.13919730588098,10.99662364668649,0.16253114845482317,2.0,1.0,0.4916119559634031,0.004864351134459159,10.0618214464835,2.0
27.0,100.0,-0.30910540552106625,-0.029119663899516368,0.0,40.62474755815323,11.005506287981088,0.16253114845482317,2.0,1.0,0.4916119559634031,0.004864351134459159,14.183214707034475,2.0
27.0,110.0,-0.04123610096573316,0.02678693045553331,0.25,38.49271581722826,11.013492429917793,0.16253114845482317,2.0,3.0,0.5433605829069192,0.004458988539920897,14.779854159614912,2.0
27.0,120.0,0.6129953299416364,0.06542314309073696,0.45,41.39278863735973,11.02056687042153,0.16253114845482317,2.0,3.0,0.439863329019887,0.004661669837190028,16.041050440107643,2.0
27.0,130.0,0.5906219745118904,-0.0022373355429746054,0.49,47.938664477648516,11.026716142892713,0.16253114845482317,2.0,2.0,1.0788321823647267,0.0002073000284870151,8.522095930914922,2.0
27.0,140.0,0.0737137523701179,-0.05169082221417724,0.3,51.553689443029015,11.031928541841697,0.16253114845482317,2.0,1.0,0.439863329019887,0.004661669837190028,9.637277848813623,2.0
27.0,150.0,-0.3938131203492965,-0.04675268727194144,0.0,49.89659858002496,11.036194145170821,0.16253114845482317,1.0,1.0,0.4916119559634031,0.004864351134459159,12.951165451129913,2.0
27.0,160.0,-0.2332478332401564,0.01605652871091401,0.0,46.16195326464663,11.03950483306171,0.16253114845482317,2.0,2.0,0.4916119559634031,0.004864351134459159,12.1426449407042,2.0
27.0,170.0,0.4067714606162376,0.0640019293856394,0.38,47.11984423701518,11.041854303431794,0.16253114845482317,2.0,3.0,0.439863329019887,0.004661669837190028,14.046879816800839,2.0
27.0,180.0,0.5182418835271285,0.011147042291089093,0.47000000000000003,52.376493462908314,11.043238083930692,0.16253114845482317,2.0,2.0,0.439863329019887,0.004661669837190028,14.58715219739209,2.0
27.0,190.0,0.12954373689456844,-0.03886981466325601,0.38,56.8802769875071,11.04365354045358,0.16253114845482317,2.0,1.0,0.4916119559634031,0.004864351134459159,54.92954694824806,2.0
27.0,200.0,-0.3261351318981518,-0.045567886879272025,0.0,55.79132767307251,11.04309988215535,0.6421960170488334,2.0,1.0,0.439863329019887,0.004661669837190028,111.3776825862607,2.0
27.0,210.0,1.094431958209917,0.14205670901080686,0.55,58.04362276228839,11.041578162956032,0.6421960170488334,3.0,3.0,1.0788321823647267,0.0002073000284870151,141.32819603497103,2.0
27.0,220.0,2.5061594598096093,0.14117275015996925,1.0,61.83275577040807,11.03909127953462,0.6421960170488334,3.0,3.0,0.439863329019887,0.004661669837190028,112.80930441625762,2.0
27.0,230.0,2.5466407988654893,0.004048133905588003,1.0,61.83275577040807,11.035643965815051,0.6421960170488334,3.0,2.0,1.0788321823647267,0.0002073000284870151,104.94304054459978,2.0
27.0,240.0,0.9815925657865172,-0.15650482330789722,0.9,64.50657139798167,11.03124278395492,0.16253114845482317,3.0,1.0,1.0788321823647267,0.0002073000284870151,104.11188755381676,2.0
27.0,250.0,-1.388438798913235,-0.23700313646997523,0.0,66.10120572286087,11.025896111854049,0.16253114845482317,1.0,0.0,0.5174862694351612,0.004053625945382633,129.18425089406733,2.0
27.0,260.0,-2.281602941560511,-0.08931641426472758,0.0,66.10120572286087,11.019614127206655,0.16253114845482317,0.0,1.0,1.0788321823647267,0.0002073000284870151,84.1567452228042,2.0
27.0,270.0,-1.7554408324902866,0.05261621090702242,0.0,66.10120572286087,11.012408788127576,0.16253114845482317,1.0,3.0,0.4916119559634031,0.004864351134459159,40.659265997019084,2.0
27.0,280.0,-0.9002476016649155,0.08551932308253711,0.0,66.10120572286087,11.004293810389267,0.16253114845482317,1.0,3.0,0.4916119559634031,0.004864351134459159,16.39316339670564,2.0
27.0,290.0,0.06355445178361308,0.09638020534485285,0.28,63.269592662057306,10.995284641313074,0.16253114845482317,2.0,3.0,0.439863329019887,0.004661669837190028,15.08673278831592,2.0
27.0,300.0,0.6333786385986784,0.05698241868150653,0.58,67.03792151277358,10.98539843036438,0.16253114845482317,2.0,3.0,1.0788321823647267,0.0002073000284870151,14.337901194298315,2.0
28.0,0.0,-3.4080025953605215,0.0,0.0,0.0,15.581425943592322,0.12357995707735744,0.0,2.0,0.5174862694351612,0.004053625945382633,195.19775229304923,0.0
28.0,10.0,-2.912181914994683,0.04958206803658385,0.0,0.0,15.618802657560806,0.12357995707735744,0.0,3.0,0.5174862694351612,0.004053625945382633,147.34896883790853,0.0
28.0,20.0,-2.3002296407430514,0.061195227425163166,0.0,0.0,15.654015500218556,0.12357995707735744,0.0,3.0,0.5174862694351612,0.004053625945382633,100.60647434122347,0.0
28.0,30.0,-1.764202004607636,0.05360276361354153,0.0,0.0,15.686997441918209,0.12357995707735744,1.0,3.0,0.5174862694351612,0.004053625945382633,57.49067417692607,0.0
28.0,40.0,-1.2040880628751793,0.056011394173245674,0.0,0.0,15.717685699659171,0.12357995707735744,1.0,3.0,0.5174862694351612,0.004053625945382633,25.967076976723046,0.0
28.0,50.0,-0.6869283132581501,0.051715974961702924,0.0,0.0,15.746021856598617,0.12357995707735744,1.0,3.0,0.5433605829069192,0.004458988539920897,15.057169909582653,0.0
28.0,60.0,-0.24559952784926153,0.044132878540888855,0.0,0.0,15.77195197325129,0.12357995707735744,2.0,3.0,0.6013060805042266,0.003255216018952584,23.542697532433728,0.0
28.0,70.0,0.2946925049432849,0.054029203279254645,0.0,0.7157773783056776,15.795426690166387,0.12357995707735744,2.0,3.0,0.6013060805042266,0.003255216018952584,35.823000989995144,0.0
28.0,80.0,0.8245995886935127,0.052990708375022774,0.43,6.0395749878744525,15.816401321886026,0.12357995707735744,3.0,3.0,0.6013060805042266,0.003255216018952584,34.38200134556353,0.0
28.0,90.0,0.9063424425358164,0.008174285384230373,0.52,14.802654756761136,15.834835942006613,0.12357995707735744,3.0,2.0,0.6013060805042266,0.003255216018952584,22.35572853005066,0.0
28.0,100.0,0.7306980358823729,-0.01756444066534435,0.47000000000000003,23.337018922996542,15.850695459180997,0.12357995707735744,2.0,2.0,0.6013060805042266,0.003255216018952584,9.594972738083813,0.0
28.0,110.0,0.4021010664085267,-0.03285969694738462,0.34,29.063243213827313,15.863949683916843,0.12357995707735744,2.0,1.0,0.5433605829069192,0.004458988539920897,3.5720385538336092,0.0
28.0,120.0,0.12317890376942131,-0.02789221626391054,0.25,31.813366058189054,15.874573386044041,0.12357995707735744,2.0,1.0,0.5174862694351612,0.004053625945382633,2.4430359579019045,0.0
28.0,130.0,0.022901361836979106,-0.01002775419324422,0.25,32.57223300929088,15.882546342741776,0.12357995707735744,2.0,2.0,0.5174862694351612,0.004053625945382633,3.5761623569013383,0.0
28.0,140.0,0.04888706249965935,0.0025985700662680246,0.25,32.7361691669924,15.887853377033828,0.12357995707735744,2.0,2.0,0.6013060805042266,0.003255216018952584,5.526223219681652,0.0
28.0,150.0,0.12571485454359888,0.007682779204393952,0.25,33.60400235217517,15.890484386678793,0.12357995707735744,2.0,2.0,0.4916119559634031,0.004864351134459159,7.463654808600609,0.0
28.0,160.0,0.1900852245732807,0.006437037002968183,0.25,35.04968121759391,15.89043436340026,0.12357995707735744,2.0,2.0,0.4916119559634031,0.004864351134459159,8.723795125451463,0.0
28.0,170.0,0.21213465928078534,0.0022049434707504647,0.25,37.22511806937983,15.8877034024204,0.12357995707735744,2.0,2.0,0.4916119559634031,0.004864351134459159,9.370753043681246,0.0
28.0,180.0,0.35797850312352963,0.014584384384274429,0.33,40.13550437039419,15.882296702278637,0.12357995707735744,2.0,2.0,0.5433605829069192,0.004458988539920897,8.46596454041283,0.0
28.0,190.0,0.30782369469627824,-0.00501548084272514,0.36,43.789627950646846,15.874224554936006,0.12357995707735744,2.0,2.0,0.4916119559634031,0.004864351134459159,5.968065855771303,0.0
28.0,200.0,0.2604061198286871,-0.004741757486759113,0.31,46.607975187722666,15.863502326183756,0.12357995707735744,2.0,2.0,0.4916119559634031,0.004864351134459159,4.347600987265573,0.0
28.0,210.0,0.192327157875944,-0.00680789619527431,0.3,48.78868930476304,15.850150426393732,0.12357995707735744,2.0,2.0,0.4916119559634031,0.004864351134459159,3.6641271322562474,0.0
28.0,220.0,0.11711755942350166,-0.007520959845244235,0.26,50.113655616551675,15.83419427166605,0.12357995707735744,2.0,2.0,0.4916119559634031,0.004864351134459159,4.213990815347168,0.0
28.0,230.0,0.0932042985524717,-0.0023913260871029963,0.25,51.30666335320025,15.815664235448132,0.12357995707735744,2.0,2.0,0.4916119559634031,0.004864351134459159,4.861443178506395,0.0
28.0,240.0,0.21200648694710722,0.011880218839463552,0.31,52.60250865991448,15.794595590717087,0.12357995707735744,2.0,2.0,0.4916119559634031,0.004864351134459159,5.102181661384515,0.0
28.0,250.0,0.18399437272513453,-0.0028012114221972694,0.3,54.39068261979557,15.771028442835629,0.12357995707735744,2.0,2.0,0.4916119559634031,0.004864351134459159,4.473125270516738,0.0
28.0,260.0,0.2439715085945373,0.0059977135869402785,0.34,56.27040509065472,15.745007653209228,0.12357995707735744,2.0,2.0,0.4916119559634031,0.004864351134459159,3.586888832725002,0.0
28.0,270.0,0.13484856012416202,-0.01091229484703753,0.29,57.88934256667105,15.716582753889845,0.12357995707735744,2.0,2.0,0.4916119559634031,0.004864351134459159,2.6665665215627223,0.0
28.0,280.0,0.15458359750865114,0.001973503738448912,0.29,59.26186984617196,15.685807853288914,0.12357995707735744,2.0,2.0,0.4916119559634031,0.004864351134459159,2.167138605342092,0.0
28.0,290.0,0.03493274127357893,-0.011965085623507222,0.28,60.56627123360115,15.652741533178855,0.12357995707735744,2.0,2.0,0.4916119559634031,0.004864351134459159,1.4506012779618658,0.0
28.0,300.0,0.07077527061861488,0.0035842529345035956,0.27,61.24423908129285,15.617446737179364,0.12357995707735744,2.0,2.0,0.4916119559634031,0.004864351134459159,1.7213514553303637,0.0
28.0,0.0,-3.4249039860567585,0.0,0.0,0.0,15.581425943592322,0.12357995707735744,0.0,2.0,0.5174862694351612,0.004053625945382633,195.29070963338012,1.0
28.0,10.0,-2.9224096025626096,0.050249438349414886,0.0,0.0,15.618802657560806,0.12357995707735744,0.0,3.0,0.5174862694351612,0.004053625945382633,147.40522093284787,1.0
28.0,20.0,-2.3194043342547204,0.060300526830788924,0.0,0.0,15.654015500218556,0.12357995707735744,0.0,3.0,0.5174862694351612,0.004053625945382633,100.71193480554516,1.0
28.0,30.0,-1.797506243976727,0.05218980902779933,0.0,0.0,15.686997441918209,0.12357995707735744,1.0,3.0,0.5174862694351612,0.004053625945382633,57.673841471479314,1.0
28.0,40.0,-1.2460954306945702,0.05514108132821569,0.0,0.0,15.717685699659171,0.12357995707735744,1.0,3.0,0.5174862694351612,0.004053625945382633,26.19767458343053,1.0
28.0,50.0,-0.7518516879671857,0.04942437427273845,0.0,0.0,15.746021856598617,0.12357995707735744,1.0,3.0,0.5433605829069192,0.004458988539920897,15.37452823832976,1.0
28.0,60.0,-0.18545633963609376,0.0566395348331092,0.0,0.0,15.77195197325129,0.12357995707735744,2.0,3.0,0.6013060805042266,0.003255216018952584,23.44641729188712,1.0
28.0,70.0,0.25881973044673856,0.04442760700828323,0.25,0.7362575741667499,15.795426690166387,0.12357995707735744,2.0,3.0,0.6013060805042266,0.003255216018952584,34.33480302973332,1.0
28.0,80.0,0.6929173333037255,0.04340976028569869,0.41000000000000003,5.311545589357454,15.816401321886026,0.12357995707735744,2.0,3.0,0.6013060805042266,0.003255216018952584,33.01921314483468,1.0
28.0,90.0,0.8914747595609249,0.01985574262571994,0.59,13.731691211489487,15.834835942006613,0.12357995707735744,3.0,2.0,0.6013060805042266,0.003255216018952584,19.41957003470406,1.0
28.0,100.0,0.597820560135137,-0.029365419942578797,0.49,21.916477110471565,15.850695459180997,0.12357995707735744,2.0,1.0,0.5174862694351612,0.004053625945382633,6.377956263678226,1.0
28.0,110.0,0.24921239450271315,-0.03486081656324238,0.27,26.83788765733583,15.863949683916843,0.12357995707735744,2.0,1.0,0.4916119559634031,0.004864351134459159,2.2196133790814607,1.0
28.0,120.0,0.009392436963796769,-0.02398199575389164,0.25,28.45345869164247,15.874573386044041,0.12357995707735744,2.0,2.0,0.4916119559634031,0.004864351134459159,4.395092747244426,1.0
28.0,130.0,0.0009210072928453883,-0.0008471429670951381,0.0,28.39539239504836,15.882546342741776,0.12357995707735744,2.0,2.0,0.5433605829069192,0.004458988539920897,10.344028906855605,1.0
28.0,140.0,0.2612638261803042,0.026034281888745882,0.25,29.4236941153044,15.887853377033828,0.12357995707735744,2.0,3.0,0.5433605829069192,0.004458988539920897,16.604655685375945,1.0
28.0,150.0,0.5315240144523017,0.02702601882719975,0.42,33.4744431075094,15.890484386678793,0.12357995707735744,2.0,3.0,0.5433605829069192,0.004458988539920897,14.449381967219912,1.0
28.0,160.0,0.5694068437307713,0.003788282927846964,0.48,39.08865623837819,15.89043436340026,0.12357995707735744,2.0,2.0,0.5433605829069192,0.004458988539920897,8.273619568185405,1.0
28.0,170.0,0.3965469052911672,-0.01728599384396041,0.37,44.08485864708257,15.8877034024204,0.12357995707735744,2.0,2.0,0.5174862694351612,0.004053625945382633,3.315484034051903,1.0
28.0,180.0,0.13942638259676698,-0.02571205226944002,0.26,46.86888203801089,15.882296702278637,0.12357995707735744,2.0,1.0,0.4916119559634031,0.004864351134459159,1.145147542039204,1.0
28.0,190.0,-0.010872562680820153,-0.015029894527758714,0.25,47.60777192693885,15.874224554936006,0.12357995707735744,2.0,2.0,0.4916119559634031,0.004864351134459159,2.2352641550412176,1.0
28.0,200.0,0.020883910942380624,0.0031756473623200778,0.25,47.95202987445835,15.863502326183756,0.12357995707735744,2.0,2.0,0.4916119559634031,0.004864351134459159,3.8601356327709624,1.0
28.0,210.0,0.10637854298012073,0.00854946320377401,0.25,48.35673297560247,15.850150426393732,0.12357995707735744,2.0,2.0,0.4916119559634031,0.004864351134459159,5.163184010682883,1.0
28.0,220.0,0.1709076247332142,0.006452908175309346,0.25,49.20978727478636,15.83419427166605,0.12357995707735744,2.0,2.0,0.4916119559634031,0.004864351134459159,6.419637500184113,1.0
28.0,230.0,0.20715736357722747,0.003624973884401328,0.3,50.855648029220916,15.815664235448132,0.12357995707735744,2.0,2.0,0.4916119559634031,0.004864351134459159,7.152153933946713,1.0
28.0,240.0,0.3065804428699934,0.009942307929276594,0.36,53.374209396596996,15.794595590717087,0.12357995707735744,2.0,2.0,0.4916119559634031,0.004864351134459159,6.058826477927806,1.0
28.0,250.0,0.3225938287778405,0.0016013385907847066,0.38,56.54164175870919,15.771028442835629,0.12357995707735744,2.0,2.0,0.5174862694351612,0.004053625945382633,4.263901814458707,1.0
28.0,260.0,0.22973074060401188,-0.00928630881738286,0.28,58.83299620045952,15.745007653209228,0.12357995707735744,2.0,2.0,0.5433605829069192,0.004458988539920897,2.5583556408482573,1.0
28.0,270.0,0.09780364811055975,-0.013192709249345213,0.25,60.154229296166335,15.716582753889845,0.12357995707735744,2.0,2.0,0.4916119559634031,0.004864351134459159,2.3493617267719813,1.0
28.0,280.0,0.10960396210758816,0.0011800313997028411,0.27,61.13538920673129,15.685807853288914,0.12357995707735744,2.0,2.0,0.4916119559634031,0.004864351134459159,3.244328758970457,1.0
28.0,290.0,0.14582649602584752,0.003622253391825936,0.28,62.307690177896944,15.652741533178855,0.12357995707735744,2.0,2.0,0.4916119559634031,0.004864351134459159,3.9013808220676736,1.0
28.0,300.0,0.1564355655323908,0.0010609069506543277,0.29,63.54782858489777,15.617446737179364,0.12357995707735744,2.0,2.0,0.4916119559634031,0.004864351134459159,4.454991273357379,1.0
28.0,0.0,-3.427773813851541,0.0,0.0,0.0,15.581425943592322,0.12357995707735744,0.0,2.0,0.5174862694351612,0.004053625945382633,195.30649363386885,2.0
28.0,10.0,-2.9229179717967675,0.05048558420547735,0.0,0.0,15.618802657560806,0.12357995707735744,0.0,3.0,0.5174862694351612,0.004053625945382633,147.40801695435653,2.0
28.0,20.0,-2.2893743383919585,0.0633543633404809,0.0,0.0,15.654015500218556,0.12357995707735744,0.0,3.0,0.5174862694351612,0.004053625945382633,100.54677037643245,2.0
28.0,30.0,-1.7311516101657674,0.05582227282261911,0.0,0.0,15.686997441918209,0.12357995707735744,1.0,3.0,0.5174862694351612,0.004053625945382633,57.308902983573034,2.0
28.0,40.0,-1.245128517201568,0.048602309296419934,0.0,0.0,15.717685699659171,0.12357995707735744,1.0,3.0,0.5174862694351612,0.004053625945382633,26.192366754138824,2.0
28.0,50.0,-0.7151395254602839,0.05299889917412841,0.0,0.0,15.746021856598617,0.12357995707735744,1.0,3.0,0.5433605829069192,0.004458988539920897,15.194938574912001,2.0
28.0,60.0,-0.1925535637777216,0.05225859616825623,0.0,0.0,15.77195197325129,0.12357995707735744,2.0,3.0,0.6013060805042266,0.003255216018952584,23.457778885242437,2.0
28.0,70.0,0.23549715505000535,0.042805071882772695,0.0,0.6337601209156674,15.795426690166387,0.12357995707735744,2.0,3.0,0.6013060805042266,0.003255216018952584,35.935785549131595,2.0
28.0,80.0,0.779845912757331,0.05443487577073256,0.35000000000000003,5.761465012955547,15.816401321886026,0.12357995707735744,3.0,3.0,0.6013060805042266,0.003255216018952584,38.40717460862219,2.0
28.0,90.0,0.9655960163169226,0.018575010355959164,0.5,14.665512342051993,15.834835942006613,0.12357995707735744,3.0,2.0,0.6013060805042266,0.003255216018952584,28.606115815203164,2.0
28.0,100.0,0.8763040049943669,-0.00892920113225557,0.5,24.055078938686503,15.850695459180997,0.12357995707735744,3.0,2.0,0.6013060805042266,0.003255216018952584,15.665823238166407,2.0
28.0,110.0,0.6176428645486389,-0.025866114044572796,0.43,31.41353368947618,15.863949683916843,0.12357995707735744,2.0,1.0,0.4916119559634031,0.004864351134459159,6.1515381611066084,2.0
28.0,120.0,0.22652202939361743,-0.03911208351550215,0.28,35.89082931208735,15.874573386044041,0.12357995707735744,2.0,1.0,0.4916119559634031,0.004864351134459159,2.921043226985283,2.0
28.0,130.0,0.04911068157834109,-0.017741134781527633,0.25,37.85084670445556,15.882546342741776,0.12357995707735744,2.0,2.0,0.5174862694351612,0.004053625945382633,2.784264332677256,2.0
28.0,140.0,0.07211211306764653,0.0023001431489305447,0.25,38.416531415189155,15.887853377033828,0.12357995707735744,2.0,2.0,0.4916119559634031,0.004864351134459159,4.424727183084366,2.0
28.0,150.0,0.058367213136239826,-0.0013744899931406706,0.25,39.004937819900526,15.890484386678793,0.12357995707735744,2.0,2.0,0.4916119559634031,0.004864351134459159,6.110814081961602,2.0
28.0,160.0,0.15793135641726508,0.009956414328102525,0.26,40.36944587444037,15.89043436340026,0.12357995707735744,2.0,2.0,0.4916119559634031,0.004864351134459159,7.111273914199595,2.0
28.0,170.0,0.22384334708126374,0.006591199066399866,0.3,42.13349049250486,15.8877034024204,0.12357995707735744,2.0,2.0,0.4916119559634031,0.004864351134459159,7.515464264560493,2.0
28.0,180.0,0.27533322910439395,0.005148988202313021,0.32,44.43197582383276,15.882296702278637,0.12357995707735744,2.0,2.0,0.4916119559634031,0.004864351134459159,6.855662512357506,2.0
28.0,190.0,0.31222957571021226,0.003689634660581831,0.36,47.255820788831485,15.874224554936006,0.12357995707735744,2.0,2.0,0.4916119559634031,0.004864351134459159,5.11524333451603,2.0
28.0,200.0,0.24745311737004982,-0.006477645834016244,0.36,49.94828237796317,15.863502326183756,0.12357995707735744,2.0,2.0,0.4916119559634031,0.004864351134459159,3.151009473199097,2.0
28.0,210.0,0.11276478270849921,-0.013468833466155062,0.31,51.774637674056265,15.850150426393732,0.12357995707735744,2.0,2.0,0.4916119559634031,0.004864351134459159,2.1793074527974,2.0
28.0,220.0,0.07583440068473735,-0.0036930382023761866,0.28,52.75907740084995,15.83419427166605,0.12357995707735744,2.0,2.0,0.4916119559634031,0.004864351134459159,2.2841758864452197,2.0
28.0,230.0,0.03629368925398424,-0.00395407114307531,0.27,53.30235979278492,15.815664235448132,0.12357995707735744,2.0,2.0,0.4916119559634031,0.004864351134459159,2.9465082163941494,2.0
28.0,240.0,0.07165359133684746,0.0035359902082863215,0.29,54.126783241874705,15.794595590717087,0.12357995707735744,2.0,2.0,0.4916119559634031,0.004864351134459159,3.1764642162020214,2.0
28.0,250.0,0.18249752839227185,0.011084393705542438,0.32,55.14257060226902,15.771028442835629,0.12357995707735744,2.0,2.0,0.4916119559634031,0.004864351134459159,2.8018151134929816,2.0
28.0,260.0,0.11601615747643379,-0.006648137091583806,0.33,56.74178998283018,15.745007653209228,0.12357995707735744,2.0,2.0,0.4916119559634031,0.004864351134459159,1.6916616800874116,2.0
28.0,270.0,0.08354337597651451,-0.003247278149991928,0.32,57.91835045799715,15.716582753889845,0.12357995707735744,2.0,2.0,0.4916119559634031,0.004864351134459159,0.8961391392912372,2.0
28.0,280.0,0.04636976820690819,-0.003717360776960632,0.3,58.83381455014738,15.685807853288914,0.12357995707735744,2.0,2.0,0.439863329019887,0.004661669837190028,0.515907012784129,2.0
28.0,290.0,0.017058856807675937,-0.002931091139923225,0.29,59.14342794607802,15.652741533178855,0.12357995707735744,2.0,2.0,0.4916119559634031,0.004864351134459159,0.4071328159294205,2.0
28.0,300.0,-0.022524834811378014,-0.003958369161905395,0.26,59.003142550000106,15.617446737179364,0.12357995707735744,2.0,2.0,0.4916119559634031,0.004864351134459159,1.2027589209225145,2.0
29.0,0.0,3.2126219664478732,0.0,0.0,0.0,9.741757503125847,0.14594020185763532,3.0,2.0,0.5174862694351612,0.004053625945382633,229.91247671504019,0.0
29.0,10.0,3.5741009658048846,0.03614789993570113,0.75,0.0,9.816954397109335,0.14594020185763532,4.0,3.0,0.4916119559634031,0.004864351134459159,186.05690015078432,0.0
29.0,20.0,3.3992524779863302,-0.017484848781855432,1.0,0.0,9.8929582075842,0.14594020185763532,4.0,2.0,0.5433605829069192,0.004458988539920897,109.87443194602648,0.0
29.0,30.0,2.4411425690948647,-0.09581099088914655,1.0,0.0,9.969624256977433,0.14594020185763532,3.0,1.0,0.439863329019887,0.004661669837190028,46.939934883175916,0.0
29.0,40.0,1.1976726753516616,-0.12434698937432032,0.75,7.900398669806542,10.046806607106596,0.14594020185763532,3.0,1.0,0.37054574954438996,0.0012309744298159143,13.558858975310514,0.0
29.0,50.0,0.05593922307496513,-0.11417334522766964,0.25,14.39128167667566,10.124358336981473,0.14594020185763532,2.0,1.0,0.37054574954438996,0.0012309744298159143,10.771009761500942,0.0
29.0,60.0,-0.4180941171129362,-0.047403334018790134,0.0,14.31606095063983,10.202131822476481,0.14594020185763532,1.0,1.0,0.5433605829069192,0.004458988539920897,21.407793891968865,0.0
29.0,70.0,-0.029640314029389714,0.038845380308354646,0.0,14.209587978891253,10.279979017341631,0.14594020185763532,2.0,3.0,0.5433605829069192,0.004458988539920897,34.16939700287533,0.0
29.0,80.0,0.5647820781409649,0.05944223921703547,0.32,16.439111499915768,10.357751735016947,0.14594020185763532,2.0,3.0,0.5433605829069192,0.004458988539920897,39.17845351408039,0.0
29.0,90.0,0.9792313970201612,0.041444931887919624,0.59,24.22357904694917,10.435301930714033,0.14594020185763532,3.0,3.0,0.5433605829069192,0.004458988539920897,28.67111771938414,0.0
29.0,100.0,0.9175703050693755,-0.006166109195078562,0.63,34.21047298446223,10.512481983227701,0.14594020185763532,3.0,2.0,0.5433605829069192,0.004458988539920897,12.845214023565449,0.0
29.0,110.0,0.499775345705352,-0.04177949593640236,0.45,41.559496593486436,10.589144975941373,0.14594020185763532,2.0,1.0,0.4916119559634031,0.004864351134459159,4.240894558710771,0.0
29.0,120.0,0.11135859164670592,-0.038841675405864605,0.25,44.57429139262633,10.665144976491177,0.14594020185763532,2.0,1.0,0.4916119559634031,0.004864351134459159,5.608015681713641,0.0
29.0,130.0,0.062449199266836786,-0.0048909392379869136,0.25,45.219170801322875,10.740337314556506,0.14594020185763532,2.0,2.0,0.4916119559634031,0.004864351134459159,9.264871063092924,0.0
29.0,140.0,0.1857564927182196,0.012330729345138281,0.28,46.316610422555264,10.8145788572482,0.14594020185763532,2.0,2.0,0.37054574954438996,0.0012309744298159143,13.391158503362766,0.0
29.0,150.0,0.3676159688152154,0.018185947609699583,0.39,49.07148030241062,10.887728281570126,0.14594020185763532,2.0,2.0,0.37054574954438996,0.0012309744298159143,11.148566437495884,0.0
29.0,160.0,0.49456077179604563,0.012694480298083021,0.46,53.379400265396896,10.959646343435566,0.14594020185763532,2.0,2.0,0.37054574954438996,0.0012309744298159143,12.872768832176906,0.0
29.0,170.0,-0.5044299262665035,-0.09989906980625492,0.0,55.30485474668178,10.10210229563792,0.14594020185763532,1.0,1.0,0.4916119559634031,0.004864351134459159,13.156043499789021,0.0
29.0,180.0,-0.30635950754872,0.019807041871778352,0.0,54.52850260234095,10.171149536800982,0.14594020185763532,2.0,2.0,0.4916119559634031,0.004864351134459159,11.932449720518557,0.0
29.0,190.0,0.20363839168642173,0.05099978992351417,0.3,53.61036126519488,10.23856278448855,0.14594020185763532,2.0,3.0,0.5433605829069192,0.004458988539920897,17.163880352419067,0.0
29.0,200.0,0.6211953551819853,0.04175569634955636,0.54,57.882691848726104,10.304213713752127,0.14594020185763532,2.0,3.0,0.5174862694351612,0.004053625945382633,14.155873164766492,0.0
29.0,210.0,0.5845583780561263,-0.0036636977125859005,0.59,64.48424741402094,10.367977354316508,0.14594020185763532,2.0,2.0,0.5174862694351612,0.004053625945382633,7.578864007175207,0.0
29.0,220.0,0.21247345675198304,-0.03720849213041433,0.41000000000000003,68.81990614171131,10.429732328467793,0.14594020185763532,2.0,1.0,0.5174862694351612,0.004053625945382633,4.045789164706748,0.0
29.0,230.0,-0.09199335244295881,-0.030446680919494186,0.25,69.42554121226478,10.48936108210276,0.14594020185763532,2.0,1.0,0.4916119559634031,0.004864351134459159,4.030999847049044,0.0
29.0,240.0,-0.1599725987898708,-0.006797924634691199,0.25,67.96483138067913,10.546750108499786,0.14594020185763532,2.0,2.0,0.4916119559634031,0.004864351134459159,3.6484799763460147,0.0
29.0,250.0,-0.024061198436772457,0.013591140035309835,0.25,67.03477119719443,10.601790164385342,0.14594020185763532,2.0,2.0,0.4916119559634031,0.004864351134459159,4.428277399505051,0.0
29.0,260.0,0.14303776646340793,0.01670989649001804,0.34,67.64559213370319,10.654376477884789,0.14594020185763532,2.0,2.0,0.4916119559634031,0.004864351134459159,5.2162881668816246,0.0
29.0,270.0,0.25116373823634675,0.010812597177293881,0.41000000000000003,69.65125341638088,10.704408947961554,0.14594020185763532,2.0,2.0,0.439863329019887,0.004661669837190028,4.711397281071118,0.0
29.0,280.0,0.24426051140257243,-0.0006903226833774312,0.43,72.27358303940525,10.751792334965202,0.14594020185763532,2.0,2.0,0.5174862694351612,0.004053625945382633,2.4829391909761678,0.0
29.0,290.0,0.1101134526408245,-0.013414705876174793,0.36,74.09690889578997,10.796436441925465,0.14594020185763532,2.0,2.0,0.5174862694351612,0.004053625945382633,1.1896538674692585,0.0
29.0,300.0,0.00999934954604953,-0.010011410309477498,0.3,74.77525665700728,10.838256286247343,0.14594020185763532,2.0,2.0,0.439863329019887,0.004661669837190028,0.24833624096774445,0.0
29.0,0.0,3.235738908616316,0.0,0.0,0.0,9.741757503125847,0.14594020185763532,3.0,2.0,0.5174862694351612,0.004053625945382633,230.02806106421139,1.0
29.0,10.0,3.571735925544438,0.03359970169281219,0.75,0.0,9.816954397109335,0.14594020185763532,4.0,3.0,0.4916119559634031,0.004864351134459159,186.04507498648388,1.0
29.0,20.0,3.3994560776232134,-0.017227984792122442,1.0,0.0,9.8929582075842,0.14594020185763532,4.0,2.0,0.5433605829069192,0.004458988539920897,109.87544992002199,1.0
29.0,30.0,2.4445787190721617,-0.09548773585510517,0.96,5.2552968105078435,9.969624256977433,0.14594020185763532,3.0,1.0,0.439863329019887,0.004661669837190028,47.21024329876272,1.0
29.0,40.0,1.1889156328156965,-0.12556630862564652,0.51,24.016022934635462,10.046806607106596,0.14594020185763532,3.0,1.0,0.439863329019887,0.004661669837190028,11.397889526609113,1.0
29.0,50.0,0.3418524487881385,-0.0847063184027558,0.25,31.60497725765501,10.124358336981473,0.14594020185763532,2.0,1.0,0.4916119559634031,0.004864351134459159,7.073982823825288,1.0
29.0,60.0,0.12168054160175856,-0.022017190718637992,0.0,33.52257077318281,10.202131822476481,0.14594020185763532,2.0,2.0,0.5433605829069192,0.004458988539920897,19.07126487611027,1.0
29.0,70.0,0.450313071070056,0.03286325294682975,0.25,35.83303579437002,10.279979017341631,0.14594020185763532,2.0,3.0,0.5433605829069192,0.004458988539920897,32.33919176120643,1.0
29.0,80.0,0.891593240505081,0.044128016943502504,0.36,42.4233952573215,10.357751735016947,0.14594020185763532,3.0,3.0,0.5433605829069192,0.004458988539920897,37.732733879008954,1.0
29.0,90.0,1.063646208255122,0.017205296775004087,0.45,52.1678805587167,10.435301930714033,0.14594020185763532,3.0,2.0,0.5433605829069192,0.004458988539920897,32.678840566854696,1.0
29.0,100.0,0.9982163038173901,-0.006542990443773178,0.46,62.66287582544923,10.512481983227701,0.14594020185763532,3.0,2.0,0.5174862694351612,0.004053625945382633,24.193453435913003,1.0
29.0,110.0,0.8108731518476517,-0.018734315196973838,0.4,71.87541233451998,10.589144975941373,0.14594020185763532,3.0,2.0,0.5174862694351612,0.004053625945382633,17.186498847568124,1.0
29.0,120.0,0.6588110874528361,-0.015206206439481562,0.35000000000000003,79.27375805275585,10.665144976491177,0.14594020185763532,2.0,2.0,0.5174862694351612,0.004053625945382633,14.011663396149906,1.0
29.0,130.0,0.5769563615309501,-0.008185472592188603,0.32,85.40637591365879,10.740337314556506,0.14594020185763532,2.0,2.0,0.5174862694351612,0.004053625945382633,14.475836263965974,1.0
29.0,140.0,0.6177753876940173,0.004081902616306721,0.35000000000000003,91.30112687703351,10.8145788572482,0.14594020185763532,2.0,2.0,0.37054574954438996,0.0012309744298159143,23.131040347406195,1.0
29.0,150.0,0.638077574873865,0.0020302187179847666,0.35000000000000003,97.52533231802032,10.887728281570126,0.14594020185763532,2.0,2.0,0.37054574954438996,0.0012309744298159143,16.514251034447597,1.0
29.0,160.0,0.638102197112211,2.462223834598376e-06,0.36,103.98201612866421,10.959646343435566,0.14594020185763532,2.0,2.0,0.37054574954438996,0.0012309744298159143,11.025948751718177,1.0
29.0,170.0,-0.2508292719308045,-0.08889314690430154,0.0,104.91079130609931,10.10210229563792,0.14594020185763532,2.0,1.0,0.5433605829069192,0.004458988539920897,3.416206832404792,1.0
29.0,180.0,-0.03293169132158269,0.021789758060922183,0.0,103.02156482580108,10.171149536800982,0.14594020185763532,2.0,2.0,0.439863329019887,0.004661669837190028,11.295930220080347,1.0
29.0,190.0,0.5022821176909638,0.05352138090125465,0.31,105.17128130984412,10.23856278448855,0.14594020185763532,2.0,3.0,0.5174862694351612,0.004053625945382633,24.27594967423894,1.0
29.0,200.0,0.8272701130801821,0.03249879953892183,0.44,111.86107051246793,10.304213713752127,0.14594020185763532,3.0,3.0,0.5174862694351612,0.004053625945382633,25.648098383654585,1.0
29.0,210.0,0.7764864571362935,-0.005078365594388856,0.45,120.30925983153355,10.367977354316508,0.14594020185763532,3.0,2.0,0.5174862694351612,0.004053625945382633,20.353993200148032,1.0
29.0,220.0,0.6432950320040938,-0.013319142513219973,0.4,127.65489318095234,10.429732328467793,0.14594020185763532,2.0,2.0,0.37054574954438996,0.0012309744298159143,14.257849933716685,1.0
29.0,230.0,0.44129932389481397,-0.02019957081092798,0.33,133.0880316123049,10.48936108210276,0.14594020185763532,2.0,2.0,0.5174862694351612,0.004053625945382633,11.000071280754605,1.0
29.0,240.0,0.34918239321041256,-0.00921169306844014,0.3,137.1051904825597,10.546750108499786,0.14594020185763532,2.0,2.0,0.5174862694351612,0.004053625945382633,10.331053657290953,1.0
29.0,250.0,0.3608148970504246,0.0011632503840012022,0.3,140.42997156310594,10.601790164385342,0.14594020185763532,2.0,2.0,0.5174862694351612,0.004053625945382633,11.199429753534622,1.0
29.0,260.0,0.41518217013666003,0.005436727308623546,0.33,144.30785798900254,10.654376477884789,0.14594020185763532,2.0,2.0,0.5174862694351612,0.004053625945382633,12.47035302782968,1.0
29.0,270.0,0.4449469286271217,0.0029764758490461673,0.36,148.62452918584376,10.704408947961554,0.14594020185763532,2.0,2.0,0.5174862694351612,0.004053625945382633,13.48390511627305,1.0
29.0,280.0,0.4732511189488129,0.002830419032169118,0.37,153.33673069385227,10.751792334965202,0.14594020185763532,2.0,2.0,0.37054574954438996,0.0012309744298159143,13.27336434840814,1.0
29.0,290.0,0.46470490743489634,-0.0008546211513916546,0.36,157.91527877901618,10.796436441925465,0.14594020185763532,2.0,2.0,0.37054574954438996,0.0012309744298159143,12.201130249734812,1.0
29.0,300.0,0.3889783089843455,-0.007572659845055086,0.34,162.08206631582337,10.838256286247343,0.14594020185763532,2.0,2.0,0.37054574954438996,0.0012309744298159143,11.548605286431355,1.0
29.0,0.0,3.2245595487204035,0.0,0.0,0.0,9.741757503125847,0.14594020185763532,3.0,2.0,0.5174862694351612,0.004053625945382633,229.97216443963597,2.0
29.0,10.0,3.564033356324341,0.03394738076039374,0.75,0.0,9.816954397109335,0.14594020185763532,4.0,3.0,0.4916119559634031,0.004864351134459159,186.00656226089225,2.0
29.0,20.0,3.38991644265743,-0.017411691366691073,1.0,0.0,9.8929582075842,0.14594020185763532,4.0,2.0,0.5433605829069192,0.004458988539920897,109.82775287856269,2.0
29.0,30.0,2.3944915211207984,-0.09954249215366318,1.0,0.0,9.969624256977433,0.14594020185763532,3.0,1.0,0.439863329019887,0.004661669837190028,46.68773495529636,2.0
29.0,40.0,1.1688388168524249,-0.12256527042683736,0.65,14.017031464812561,10.046806607106596,0.14594020185763532,3.0,1.0,0.37054574954438996,0.0012309744298159143,11.396758519823784,2.0
29.0,50.0,0.1481665242166379,-0.1020672292635787,0.25,20.67432706032504,10.124358336981473,0.14594020185763532,2.0,1.0,0.439863329019887,0.004661669837190028,9.63352158871355,2.0
29.0,60.0,-0.21796270925401018,-0.036612923347064806,0.0,19.846690890457225,10.202131822476481,0.14594020185763532,2.0,1.0,0.5433605829069192,0.004458988539920897,22.459523549485755,2.0
29.0,70.0,0.14127756052813822,0.03592402697821484,0.25,19.35590377786427,10.279979017341631,0.14594020185763532,2.0,3.0,0.5433605829069192,0.004458988539920897,33.27610529788342,2.0
29.0,80.0,0.6950217709569735,0.05537442104288352,0.39,23.383660958447216,10.357751735016947,0.14594020185763532,2.0,3.0,0.5433605829069192,0.004458988539920897,33.91675306872252,2.0
29.0,90.0,0.9500833048262152,0.02550615338692417,0.5700000000000001,31.858724747098638,10.435301930714033,0.14594020185763532,3.0,3.0,0.5433605829069192,0.004458988539920897,23.5117684318739,2.0
29.0,100.0,0.8142173790331917,-0.013586592579302347,0.5700000000000001,40.97594963009517,10.512481983227701,0.14594020185763532,3.0,2.0,0.5433605829069192,0.004458988539920897,11.064559921749163,2.0
29.0,110.0,0.46231953509145995,-0.035189784394173175,0.45,47.55029893601904,10.589144975941373,0.14594020185763532,2.0,1.0,0.4916119559634031,0.004864351134459159,4.609551969765472,2.0
29.0,120.0,0.14640551806600044,-0.03159140170254595,0.32,50.63507787139026,10.665144976491177,0.14594020185763532,2.0,1.0,0.4916119559634031,0.004864351134459159,4.850026075045134,2.0
29.0,130.0,0.09205334063182491,-0.005435217743417553,0.28,51.59758397054513,10.740337314556506,0.14594020185763532,2.0,2.0,0.4916119559634031,0.004864351134459159,7.434691113181236,2.0
29.0,140.0,0.18886491489067936,0.009681157425885444,0.32,52.759062456219816,10.8145788572482,0.14594020185763532,2.0,2.0,0.37054574954438996,0.0012309744298159143,11.580962519641467,2.0
29.0,150.0,0.2993258947721458,0.011046097988146642,0.39,55.16327293203247,10.887728281570126,0.14594020185763532,2.0,2.0,0.37054574954438996,0.0012309744298159143,12.223090764204498,2.0
29.0,160.0,0.37108205017068485,0.007175615539853908,0.43,58.53260651426467,10.959646343435566,0.14594020185763532,2.0,2.0,0.37054574954438996,0.0012309744298159143,16.5655005812867,2.0
29.0,170.0,-0.619383717198069,-0.09904657673687538,0.0,57.046947061761884,10.10210229563792,0.14594020185763532,1.0,1.0,0.4916119559634031,0.004864351134459159,15.110979386491145,2.0
29.0,180.0,-0.4235297842661865,0.019585393293188248,0.0,54.39036394006216,10.171149536800982,0.14594020185763532,1.0,2.0,0.4916119559634031,0.004864351134459159,13.300664448938864,2.0
29.0,190.0,0.14813280911111804,0.05716625933773045,0.29,52.660224475391715,10.23856278448855,0.14594020185763532,2.0,3.0,0.4916119559634031,0.004864351134459159,13.882931180487,2.0
29.0,200.0,0.5289326361177267,0.03807998270066086,0.48,56.18647624391593,10.304213713752127,0.14594020185763532,2.0,3.0,0.5433605829069192,0.004458988539920897,11.37796278839425,2.0
29.0,210.0,0.528993821539057,6.1185421330378634e-06,0.53,61.74951860866348,10.367977354316508,0.14594020185763532,2.0,2.0,0.5174862694351612,0.004053625945382633,6.192759225149617,2.0
29.0,220.0,0.24558002074195429,-0.028341380079710276,0.43,65.87727775615576,10.429732328467793,0.14594020185763532,2.0,1.0,0.5174862694351612,0.004053625945382633,2.435891101147972,2.0
29.0,230.0,-0.008666779354406628,-0.025424680009636092,0.33,67.24040704382905,10.48936108210276,0.14594020185763532,2.0,1.0,0.439863329019887,0.004661669837190028,2.8512804132280203,2.0
29.0,240.0,-0.12562659464503412,-0.01169598152906275,0.26,66.42934899252757,10.546750108499786,0.14594020185763532,2.0,2.0,0.4916119559634031,0.004864351134459159,3.269294474441521,2.0
29.0,250.0,-0.04144678714100891,0.00841798075040252,0.28,65.47557491400602,10.601790164385342,0.14594020185763532,2.0,2.0,0.4916119559634031,0.004864351134459159,3.6468224432718763,2.0
29.0,260.0,0.09733176362600915,0.013877855076701806,0.34,65.58222839163666,10.654376477884789,0.14594020185763532,2.0,2.0,0.4916119559634031,0.004864351134459159,4.323448745103845,2.0
29.0,270.0,0.2040912380639348,0.010675947443792567,0.4,67.0143171590194,10.704408947961554,0.14594020185763532,2.0,2.0,0.4916119559634031,0.004864351134459159,3.503142213420226,2.0
29.0,280.0,0.14972568695979405,-0.005436555110414076,0.4,68.84649316400004,10.751792334965202,0.14594020185763532,2.0,2.0,0.5433605829069192,0.004458988539920897,2.0043122243413567,2.0
29.0,290.0,0.1092852522810972,-0.004044043467869685,0.38,70.20890859063562,10.796436441925465,0.14594020185763532,2.0,2.0,0.439863329019887,0.004661669837190028,0.9111569824464338,2.0
29.0,300.0,0.015627266264541362,-0.009365798601655585,0.34,70.79794790260254,10.838256286247343,0.14594020185763532,2.0,2.0,0.4916119559634031,0.004864351134459159,0.5044872795286466,2.0
30.0,0.0,-4.27627471133863,0.0,0.0,0.0,14.329358316027836,0.17611631440700115,0.0,2.0,0.5174862694351612,0.004053625945382633,197.57757550944544,0.0
30.0,10.0,-3.495236838699377,0.07810378726392528,0.0,0.0,14.468958689511936,0.17611631440700115,0.0,3.0,0.5174862694351612,0.004053625945382633,101.39358092537877,0.0
30.0,20.0,-1.633830385427018,0.1861406453272359,0.0,0.0,15.531691622768392,0.17611631440700115,1.0,4.0,0.439863329019887,0.004661669837190028,36.46228122945575,0.0
30.0,30.0,-0.7929904719184968,0.08408399135085212,0.0,0.0,15.669777646059607,0.17611631440700115,1.0,3.0,0.5433605829069192,0.004458988539920897,34.15172981366315,0.0
30.0,40.0,0.015045341655863353,0.08080358135743601,0.0,0.0,15.806711365805619,0.17611631440700115,2.0,3.0,0.5433605829069192,0.004458988539920897,53.89287864730508,0.0
30.0,50.0,0.7956144162480818,0.07805690745922185,0.39,3.7016879200720965,15.942232120888072,0.17611631440700115,3.0,3.0,0.5433605829069192,0.004458988539920897,56.15714751208089,0.0
30.0,60.0,1.375765472137207,0.05801510558891252,0.75,14.642481468039364,16.076081939847192,0.17611631440700115,3.0,3.0,0.531562872547584,5.609278906030231e-05,39.36894137330532,0.0
30.0,70.0,1.1766026671207186,-0.019916280501648842,0.76,28.103039652760202,16.208006031945047,0.17611631440700115,3.0,2.0,0.531562872547584,5.609278906030231e-05,23.64382582206691,0.0
30.0,80.0,0.2471611041653219,-0.09294415629553968,0.35000000000000003,36.084287209001545,16.33775327217426,0.17611631440700115,2.0,1.0,0.531562872547584,5.609278906030231e-05,19.008342428004458,0.0
30.0,90.0,-0.6104058150188578,-0.08575669191841798,0.0,36.033796129650966,16.465076679288714,0.17611631440700115,1.0,1.0,0.531562872547584,5.609278906030231e-05,23.492965691338426,0.0
30.0,100.0,-0.6575953080572852,-0.004718949303842734,0.0,36.033796129650966,16.58973388594636,0.17611631440700115,1.0,2.0,0.4916119559634031,0.004864351134459159,29.544760720813755,0.0
30.0,110.0,-0.0008879861058019856,0.06567073219514832,0.0,35.54407498411287,16.711487600069276,0.17611631440700115,2.0,3.0,0.5433605829069192,0.004458988539920897,41.980677064987994,0.0
30.0,120.0,0.7412327616989494,0.07421207478047513,0.5,38.91048252066577,16.830106056542604,0.17611631440700115,2.0,3.0,0.5433605829069192,0.004458988539920897,40.81931236679842,0.0
30.0,130.0,1.1736728569738801,0.04324400952749308,0.79,48.94167905901253,16.94536345839262,0.17611631440700115,3.0,3.0,0.531562872547584,5.609278906030231e-05,25.25586045112049,0.0
30.0,140.0,0.7819180093672742,-0.039175484760660594,0.68,59.607524522006436,17.057040406604095,0.17611631440700115,3.0,1.0,0.531562872547584,5.609278906030231e-05,24.8038331808112,0.0
30.0,150.0,-0.1945118551830376,-0.09764298645503118,0.25,63.02841014070333,17.164924317758803,0.17611631440700115,2.0,1.0,0.531562872547584,5.609278906030231e-05,30.10236556804443,0.0
30.0,160.0,-0.9483272136036689,-0.07538153584206313,0.0,62.14233504951912,17.268809828700142,0.17611631440700115,1.0,1.0,0.439863329019887,0.004661669837190028,27.94228613306116,0.0
30.0,170.0,-0.6620860956854564,0.028624111791821248,0.0,62.14233504951912,17.368499187453573,0.17611631440700115,1.0,3.0,0.4916119559634031,0.004864351134459159,26.126712307018003,0.0
30.0,180.0,0.04466594290073189,0.07067520385861883,0.25,60.475303735101775,17.46380262965873,0.17611631440700115,2.0,3.0,0.4916119559634031,0.004864351134459159,30.36932595485839,0.0
30.0,190.0,0.7835808747755557,0.07389149318748238,0.64,64.41732719110529,17.554538739796683,0.17611631440700115,3.0,3.0,0.439863329019887,0.004661669837190028,30.29998948279104,0.0
30.0,200.0,0.9398308882909525,0.01562500135153968,0.8,73.69016708927003,17.640534796524683,0.17611631440700115,3.0,2.0,0.531562872547584,5.609278906030231e-05,19.78760437461059,0.0
30.0,210.0,0.30795524492974735,-0.06318756433612052,0.53,80.7496031495644,17.721627101461053,0.17611631440700115,2.0,1.0,0.531562872547584,5.609278906030231e-05,21.49446362222547,0.0
30.0,220.0,-0.5987817771566775,-0.09067370220864249,0.0,79.71265337487804,17.797661290794352,0.17611631440700115,1.0,1.0,0.531562872547584,5.609278906030231e-05,33.15322193850492,0.0
30.0,230.0,-0.9807346869647837,-0.03819529098081063,0.0,79.11387159772137,17.8684926291237,0.17611631440700115,1.0,1.0,0.4916119559634031,0.004864351134459159,25.836847362710554,0.0
30.0,240.0,-0.46055227251065034,0.05201824144541334,0.0,78.56749463356385,17.933986284970786,0.17611631440700115,1.0,3.0,0.4916119559634031,0.004864351134459159,21.177195509348877,0.0
30.0,250.0,0.3040212815176915,0.07645735540283419,0.43,77.2703666585825,17.994017587439288,0.17611631440700115,2.0,3.0,0.439863329019887,0.004661669837190028,27.393163379035226,0.0
30.0,260.0,0.916959137343305,0.06129378558256136,0.78,83.37825016854909,18.048472263533007,0.17611631440700115,3.0,3.0,0.531562872547584,5.609278906030231e-05,19.09503003455253,0.0
30.0,270.0,0.6810321957669423,-0.023592694157636273,0.75,92.14998058427226,18.09724665568099,0.17611631440700115,2.0,2.0,0.531562872547584,5.609278906030231e-05,27.86183887259974,0.0
30.0,280.0,-0.20973418190601834,-0.08907663776729606,0.34,95.23376103367335,18.14024791905564,0.17611631440700115,2.0,1.0,0.531562872547584,5.609278906030231e-05,40.00433383979555,0.0
30.0,290.0,-1.0368349236336911,-0.08271007417276728,0.0,92.4450054875927,18.17739419830808,0.17611631440700115,1.0,1.0,0.439863329019887,0.004661669837190028,36.04809308468157,0.0
30.0,300.0,-1.0030984056061918,0.003373651802749933,0.0,92.4450054875927,18.208614783384498,0.17611631440700115,1.0,2.0,0.439863329019887,0.004661669837190028,22.469607141773192,0.0
30.0,0.0,-4.2776835813212095,0.0,0.0,0.0,14.329358316027836,0.17611631440700115,0.0,2.0,0.5174862694351612,0.004053625945382633,197.58532426863374,1.0
30.0,10.0,-3.4622955954022103,0.08153879859189991,0.0,0.0,14.468958689511936,0.17611631440700115,0.0,3.0,0.5174862694351612,0.004053625945382633,101.21241405250585,1.0
30.0,20.0,-1.6543075320923286,0.18079880633098816,0.0,0.0,15.531691622768392,0.17611631440700115,1.0,4.0,0.439863329019887,0.004661669837190028,36.574547018736,1.0
30.0,30.0,-0.8016989210371541,0.08526086110551745,0.0,0.0,15.669777646059607,0.17611631440700115,1.0,3.0,0.5433605829069192,0.004458988539920897,34.19082643179877,1.0
30.0,40.0,0.04153263463851431,0.08432315556756684,0.0,0.0,15.806711365805619,0.17611631440700115,2.0,3.0,0.5433605829069192,0.004458988539920897,53.94655057918194,1.0
30.0,50.0,0.7921720321820516,0.07506393975435373,0.38,3.809233336314673,15.942232120888072,0.17611631440700115,3.0,3.0,0.5433605829069192,0.004458988539920897,56.42211440078027,1.0
30.0,60.0,1.3547726380395524,0.05626006058575008,0.7000000000000001,14.702281828194657,16.076081939847192,0.17611631440700115,3.0,3.0,0.531562872547584,5.609278906030231e-05,40.277673539347184,1.0
30.0,70.0,1.1801485706839578,-0.017462406735559453,0.66,28.169541255623308,16.208006031945047,0.17611631440700115,3.0,2.0,0.531562872547584,5.609278906030231e-05,18.396750989508995,1.0
30.0,80.0,0.3953569074179981,-0.07847916632659598,0.25,36.60231569677116,16.33775327217426,0.17611631440700115,2.0,1.0,0.531562872547584,5.609278906030231e-05,9.306063899348134,1.0
30.0,90.0,-0.34273144032513514,-0.07380883477431333,0.0,37.670815653468054,16.465076679288714,0.17611631440700115,2.0,1.0,0.4916119559634031,0.004864351134459159,21.62184158226386,1.0
30.0,100.0,-0.19827867832993817,0.014445276199519696,0.0,37.670815653468054,16.58973388594636,0.17611631440700115,2.0,2.0,0.4916119559634031,0.004864351134459159,34.731775305169165,1.0
30.0,110.0,0.47439749076526994,0.06726761690952081,0.25,39.052629737627186,16.711487600069276,0.17611631440700115,2.0,3.0,0.5433605829069192,0.004458988539920897,55.1209667018646,1.0
30.0,120.0,1.2193078739404264,0.07449103831751565,0.62,47.16648408221775,16.830106056542604,0.17611631440700115,3.0,3.0,0.531562872547584,5.609278906030231e-05,50.15296373409374,1.0
30.0,130.0,1.3996635521242773,0.01803556781838509,0.75,60.46911539311515,16.94536345839262,0.17611631440700115,3.0,2.0,0.531562872547584,5.609278906030231e-05,28.258013948824832,1.0
30.0,140.0,0.7859591914895034,-0.061370436063477384,0.46,72.08642721590682,17.057040406604095,0.17611631440700115,3.0,1.0,0.531562872547584,5.609278906030231e-05,9.926335204319649,1.0
30.0,150.0,-0.06748986719643923,-0.08534490586859426,0.0,75.83110205889614,17.164924317758803,0.17611631440700115,2.0,1.0,0.439863329019887,0.004661669837190028,7.718702783614377,1.0
30.0,160.0,-0.37098212729795677,-0.030349226010151754,0.0,75.83110205889614,17.268809828700142,0.17611631440700115,2.0,1.0,0.4916119559634031,0.004864351134459159,15.367320216364229,1.0
30.0,170.0,0.16397896828349445,0.05349610955814512,0.0,75.9444057869733,17.368499187453573,0.17611631440700115,2.0,3.0,0.5433605829069192,0.004458988539920897,41.06178958195478,1.0
30.0,180.0,0.9118818410441634,0.07479028727606689,0.45,80.94480206051617,17.46380262965873,0.17611631440700115,3.0,3.0,0.439863329019887,0.004661669837190028,54.941015883221134,1.0
30.0,190.0,1.366191964998329,0.04543101239541656,0.73,92.65768166520625,17.554538739796683,0.17611631440700115,3.0,3.0,0.531562872547584,5.609278906030231e-05,37.88520511704043,1.0
30.0,200.0,1.1045201687675572,-0.026167179623077175,0.62,105.8091840942275,17.640534796524683,0.17611631440700115,3.0,1.0,0.531562872547584,5.609278906030231e-05,15.148171222431102,1.0
30.0,210.0,0.30023262782205506,-0.08042875409455022,0.25,113.38394974541433,17.721627101461053,0.17611631440700115,2.0,1.0,0.531562872547584,5.609278906030231e-05,9.978502449380036,1.0
30.0,220.0,-0.3042528214672622,-0.06044854492893172,0.0,114.05426533693692,17.797661290794352,0.17611631440700115,2.0,1.0,0.4916119559634031,0.004864351134459159,6.50911902183282,1.0
30.0,230.0,-0.04906860934978141,0.025518421211748077,0.0,114.05426533693692,17.8684926291237,0.17611631440700115,2.0,3.0,0.4916119559634031,0.004864351134459159,26.71102192483861,1.0
30.0,240.0,0.6411886385092842,0.06902572478590656,0.3,116.55595894242556,17.933986284970786,0.17611631440700115,2.0,3.0,0.4916119559634031,0.004864351134459159,62.22114703689383,1.0
30.0,250.0,1.3460500954137586,0.07048614569044745,0.6900000000000001,126.44165498578352,17.994017587439288,0.17611631440700115,3.0,3.0,0.531562872547584,5.609278906030231e-05,48.839486152206426,1.0
30.0,260.0,1.362412788016254,0.0016362692602495343,0.76,140.7875073902031,18.048472263533007,0.17611631440700115,3.0,2.0,0.531562872547584,5.609278906030231e-05,25.391597964893904,1.0
30.0,270.0,0.5904420108081645,-0.07719707772080894,0.39,151.59559651308345,18.09724665568099,0.17611631440700115,2.0,1.0,0.531562872547584,5.609278906030231e-05,9.804190670187673,1.0
30.0,280.0,-0.23062178537393763,-0.08210637961821021,0.0,153.7479114296753,18.14024791905564,0.17611631440700115,2.0,1.0,0.5174862694351612,0.004053625945382633,9.129673358544547,1.0
30.0,290.0,-0.30986810515013374,-0.007924631977619612,0.0,153.7479114296753,18.17739419830808,0.17611631440700115,2.0,2.0,0.5174862694351612,0.004053625945382633,12.999898607788154,1.0
30.0,300.0,0.3171173644547203,0.06269854696048541,0.25,154.31076152542633,18.208614783384498,0.17611631440700115,2.0,3.0,0.4916119559634031,0.004864351134459159,53.4956781197647,1.0
30.0,0.0,-4.284562303953706,0.0,0.0,0.0,14.329358316027836,0.17611631440700115,0.0,2.0,0.5174862694351612,0.004053625945382633,197.6231571175564,2.0
30.0,10.0,-3.500540477127849,0.07840218268258567,0.0,0.0,14.468958689511936,0.17611631440700115,0.0,3.0,0.5174862694351612,0.004053625945382633,101.42274933229848,2.0
30.0,20.0,-1.637010656309812,0.18635298208180373,0.0,0.0,15.531691622768392,0.17611631440700115,1.0,4.0,0.439863329019887,0.004661669837190028,36.479717038585676,2.0
30.0,30.0,-0.8116900958076165,0.08253205605021954,0.0,0.0,15.669777646059607,0.17611631440700115,1.0,3.0,0.5433605829069192,0.004458988539920897,34.235681852023916,2.0
30.0,40.0,0.03165299924771503,0.08433430950553315,0.0,0.0,15.806711365805619,0.17611631440700115,2.0,3.0,0.5433605829069192,0.004458988539920897,53.9304677359325,2.0
30.0,50.0,0.7609194689415553,0.07292664696938403,0.32,3.756399888237503,15.942232120888072,0.17611631440700115,3.0,3.0,0.5433605829069192,0.004458988539920897,62.39169989706183,2.0
30.0,60.0,1.400404236137799,0.06394847671962438,0.67,14.67654506969103,16.076081939847192,0.17611631440700115,3.0,3.0,0.531562872547584,5.609278906030231e-05,47.29126716560522,2.0
30.0,70.0,1.3474285739816132,-0.005297566215618587,0.75,28.95586536401902,16.208006031945047,0.17611631440700115,3.0,2.0,0.531562872547584,5.609278906030231e-05,24.492891429200856,2.0
30.0,80.0,0.5587682537939855,-0.07886603201876277,0.47000000000000003,39.24274029335722,16.33775327217426,0.17611631440700115,2.0,1.0,0.531562872547584,5.609278906030231e-05,12.533009931355593,2.0
30.0,90.0,-0.3226237056565928,-0.08813919594505784,0.0,40.79504745362351,16.465076679288714,0.17611631440700115,2.0,1.0,0.531562872547584,5.609278906030231e-05,17.89146118230887,2.0
30.0,100.0,-0.6490124026330939,-0.032638869697650105,0.0,40.08401231797073,16.58973388594636,0.17611631440700115,1.0,1.0,0.4916119559634031,0.004864351134459159,25.334535027660216,2.0
30.0,110.0,-0.20773407611422456,0.04412783265188693,0.0,39.038178024818336,16.711487600069276,0.17611631440700115,2.0,3.0,0.5433605829069192,0.004458988539920897,36.4725751229262,2.0
30.0,120.0,0.5335187128623602,0.07412527889765848,0.38,40.10039986413032,16.830106056542604,0.17611631440700115,2.0,3.0,0.5433605829069192,0.004458988539920897,38.7183251730612,2.0
30.0,130.0,1.0907324021243596,0.05572136892619994,0.7000000000000001,48.37539863710044,16.94536345839262,0.17611631440700115,3.0,3.0,0.531562872547584,5.609278906030231e-05,28.625208847015536,2.0
30.0,140.0,0.9359821301582514,-0.015475027196610824,0.71,59.15174059994138,17.057040406604095,0.17611631440700115,3.0,2.0,0.531562872547584,5.609278906030231e-05,16.637446228342167,2.0
30.0,150.0,0.16955343818637303,-0.07664286919718784,0.43,65.57213553661742,17.164924317758803,0.17611631440700115,2.0,1.0,0.531562872547584,5.609278906030231e-05,17.648059609623658,2.0
30.0,160.0,-0.6332297484175484,-0.08027831866039215,0.0,63.43427438632084,17.268809828700142,0.17611631440700115,1.0,1.0,0.531562872547584,5.609278906030231e-05,26.14973482230255,2.0
30.0,170.0,-0.8251218092771211,-0.019189206085957266,0.0,62.80104463790329,17.368499187453573,0.17611631440700115,1.0,2.0,0.4916119559634031,0.004864351134459159,25.127991243729227,2.0
30.0,180.0,-0.26397832163579693,0.05611434876413242,0.25,59.83200638132966,17.46380262965873,0.17611631440700115,2.0,3.0,0.4916119559634031,0.004864351134459159,27.777684731506845,2.0
30.0,190.0,0.5048163197007121,0.0768794641336509,0.48,60.78933314359897,17.554538739796683,0.17611631440700115,2.0,3.0,0.4916119559634031,0.004864351134459159,28.40524590155936,2.0
30.0,200.0,0.918608800124499,0.04137924804237869,0.72,68.31141492976157,17.640534796524683,0.17611631440700115,3.0,3.0,0.531562872547584,5.609278906030231e-05,16.660959116241898,2.0
30.0,210.0,0.6184642243044998,-0.030014457581999922,0.67,76.89181997859197,17.721627101461053,0.17611631440700115,2.0,1.0,0.531562872547584,5.609278906030231e-05,18.893895877608646,2.0
30.0,220.0,-0.1785374051832811,-0.07970016294877809,0.32,79.59884072628304,17.797661290794352,0.17611631440700115,2.0,1.0,0.531562872547584,5.609278906030231e-05,27.490006516111382,2.0
30.0,230.0,-0.8494436941710504,-0.06709062889877693,0.0,75.99828771888373,17.8684926291237,0.17611631440700115,1.0,1.0,0.439863329019887,0.004661669837190028,28.874083750053643,2.0
30.0,240.0,-0.8099710370872764,0.003947265708377401,0.0,75.99828771888373,17.933986284970786,0.17611631440700115,1.0,2.0,0.4916119559634031,0.004864351134459159,23.774950242159807,2.0
30.0,250.0,-0.12881323440510428,0.06811578026821721,0.25,71.5764624311706,17.994017587439288,0.17611631440700115,2.0,3.0,0.4916119559634031,0.004864351134459159,20.184684165935924,2.0
30.0,260.0,0.5623199162917452,0.06911331506968495,0.5700000000000001,73.76915989809048,18.048472263533007,0.17611631440700115,2.0,3.0,0.439863329019887,0.004661669837190028,21.249058817674392,2.0
30.0,270.0,0.7695837627723741,0.02072638464806289,0.73,81.03012106867851,18.09724665568099,0.17611631440700115,3.0,2.0,0.531562872547584,5.609278906030231e-05,12.899894615338903,2.0
30.0,280.0,0.28933003495399134,-0.04802537278183827,0.5700000000000001,87.11402782252513,18.14024791905564,0.17611631440700115,2.0,1.0,0.531562872547584,5.609278906030231e-05,17.069386732838996,2.0
30.0,290.0,-0.4861048349135437,-0.07754348698675351,0.25,86.25475502368666,18.17739419830808,0.17611631440700115,1.0,1.0,0.531562872547584,5.609278906030231e-05,32.110392127108014,2.0
30.0,300.0,-0.911983305750784,-0.042587847083724026,0.0,81.49305303020633,18.208614783384498,0.17611631440700115,1.0,1.0,0.4916119559634031,0.004864351134459159,26.76333927537471,2.0
31.0,0.0,0.026763970107467117,0.0,0.0,0.0,12.673719752742059,0.2348779674484723,2.0,2.0,0.5433605829069192,0.004458988539920897,43.37909225129494,0.0
31.0,10.0,0.6800382260545348,0.06532742559470676,0.32,2.6253056780048,12.746230398510505,0.2348779674484723,2.0,3.0,0.5433605829069192,0.004458988539920897,52.901259341662275,0.0
31.0,20.0,1.1318837146844132,0.04518454886298784,0.62,11.87001169838624,12.818242799055092,0.2348779674484723,3.0,3.0,0.5433605829069192,0.004458988539920897,42.93881634839051,0.0
31.0,30.0,1.0644654037836752,-0.006741831090073802,0.66,23.35705203927419,12.88961987467848,0.2348779674484723,3.0,2.0,0.5433605829069192,0.004458988539920897,27.281498668519852,0.0
31.0,40.0,0.7472151549567414,-0.031725024882693374,0.54,32.76076088319217,12.960225755060407,0.2348779674484723,2.0,1.0,0.5433605829069192,0.004458988539920897,17.165509710522883,0.0
31.0,50.0,0.5164640254549759,-0.023075112950176547,0.43,39.072467139545765,13.029926037894576,0.2348779674484723,2.0,2.0,0.41211394335160556,0.006376126378080467,13.931721759340853,0.0
31.0,60.0,0.45049616440795504,-0.00659678610470209,0.4,43.64770929136419,13.09858804473113,0.2348779674484723,2.0,2.0,0.41211394335160556,0.006376126378080467,14.397071421677026,0.0
31.0,70.0,0.4620893263832997,0.0011593161975344656,0.44,48.323849616454304,13.166081073537548,0.2348779674484723,2.0,2.0,0.41211394335160556,0.006376126378080467,14.434456103483875,0.0
31.0,80.0,0.5603690174136418,0.009827969103034207,0.5,53.30619797827869,13.232276647497443,0.2348779674484723,2.0,2.0,0.41211394335160556,0.006376126378080467,13.21984253019786,0.0
31.0,90.0,0.5050860040389971,-0.00552830133746447,0.5,58.68853485586391,13.297048759573478,0.2348779674484723,2.0,2.0,0.41211394335160556,0.006376126378080467,10.304707447113262,0.0
31.0,100.0,0.4667746043475205,-0.0038311399691476566,0.5,63.577212808731744,13.360274112368906,0.2348779674484723,2.0,2.0,0.41211394335160556,0.006376126378080467,8.137491859783482,0.0
31.0,110.0,0.43150408832855547,-0.0035270516018965025,0.49,67.75373468267803,13.421832352831188,0.2348779674484723,2.0,2.0,0.41211394335160556,0.006376126378080467,6.8881952731272005,0.0
31.0,120.0,0.3830566976218357,-0.004844739070671978,0.48,71.50764938501267,13.481606301350865,0.2348779674484723,2.0,2.0,0.41211394335160556,0.006376126378080467,6.217178739706065,0.0
31.0,130.0,0.33631310356513566,-0.004674359405670003,0.49,74.98876759114833,13.539482174819604,0.2348779674484723,2.0,2.0,0.41211394335160556,0.006376126378080467,5.867811007004382,0.0
31.0,140.0,0.29819816355330175,-0.003811494001183391,0.48,78.21960089017631,13.595349803222796,0.2348779674484723,2.0,2.0,0.41211394335160556,0.006376126378080467,26.54069684279914,0.0
31.0,150.0,0.2806079117122593,-0.001759025184104246,0.46,81.1582913257267,13.64910283935447,0.2348779674484723,2.0,2.0,0.41211394335160556,0.006376126378080467,70.86012909666096,0.0
31.0,160.0,0.26354738721537885,-0.0017060524496880446,0.48,83.94703609173354,13.700638961255237,0.2348779674484723,2.0,2.0,0.41211394335160556,0.006376126378080467,108.36835819481732,0.0
31.0,170.0,2.4504824257964124,0.21869350385810335,0.64,85.7400475738057,15.895751249618968,0.2348779674484723,3.0,4.0,0.41211394335160556,0.006376126378080467,120.46491614783073,0.0
31.0,180.0,2.295928315538035,-0.015455411025837761,1.0,85.7400475738057,15.942563644011273,0.2348779674484723,3.0,2.0,0.41211394335160556,0.006376126378080467,72.766571384266,0.0
31.0,190.0,1.665224633977946,-0.06307036815600889,1.0,85.7400475738057,15.986878217009831,0.2348779674484723,3.0,1.0,0.5174862694351612,0.004053625945382633,30.84286399882972,0.0
31.0,200.0,0.8793490799998587,-0.07858755539780873,0.86,90.06228788857312,16.028610613306263,0.2348779674484723,3.0,1.0,0.439863329019887,0.004661669837190028,7.493542721609823,0.0
31.0,210.0,0.20927729232157688,-0.06700717876782818,0.53,95.76890550821469,16.067681392912306,0.2348779674484723,2.0,1.0,0.4916119559634031,0.004864351134459159,2.743273032245358,0.0
31.0,220.0,-0.0354859709914237,-0.024476326331300056,0.37,96.45010170849768,16.10401618237833,0.2348779674484723,2.0,2.0,0.41211394335160556,0.006376126378080467,1.8668083857505082,0.0
31.0,230.0,0.10325945809681158,0.013874542908823529,0.43,96.41779448727712,16.13754581636747,0.2348779674484723,2.0,2.0,0.41211394335160556,0.006376126378080467,6.111445468536207,0.0
31.0,240.0,0.29880644886159047,0.01955469907647789,0.55,98.50842961632866,16.168206469315713,0.2348779674484723,2.0,2.0,0.41211394335160556,0.006376126378080467,8.410968246743801,0.0
31.0,250.0,0.45209485850308795,0.015328840964149748,0.63,102.08573895241007,16.195939776927545,0.2348779674484723,2.0,2.0,0.4916119559634031,0.004864351134459159,6.959862140228298,0.0
31.0,260.0,0.3462042211818499,-0.010589063732123805,0.62,106.19148456918646,16.22069294727566,0.2348779674484723,2.0,2.0,0.4916119559634031,0.004864351134459159,4.510438370442199,0.0
31.0,270.0,0.18134858756852523,-0.016485563361332466,0.55,108.96021847916352,16.242418861293423,0.2348779674484723,2.0,2.0,0.4916119559634031,0.004864351134459159,3.3256993750585244,0.0
31.0,280.0,0.18621541505970285,0.00048668274911776164,0.54,110.87081446174723,16.261076162468683,0.2348779674484723,2.0,2.0,0.4916119559634031,0.004864351134459159,3.344699520380047,0.0
31.0,290.0,0.15932660265864484,-0.0026888812401058004,0.54,112.62229379530385,16.276629335568245,0.2348779674484723,2.0,2.0,0.4916119559634031,0.004864351134459159,3.505981297981019,0.0
31.0,300.0,0.18913321906417835,0.0029806616405533503,0.56,114.40449020245683,16.289048774243128,0.2348779674484723,2.0,2.0,0.4916119559634031,0.004864351134459159,3.712834303589783,0.0
31.0,0.0,0.03052398101561593,0.0,0.0,0.0,12.673719752742059,0.2348779674484723,2.0,2.0,0.5433605829069192,0.004458988539920897,43.38727240824409,1.0
31.0,10.0,0.6500419358377307,0.06195179548221148,0.26,2.8226678965992704,12.746230398510505,0.2348779674484723,2.0,3.0,0.5433605829069192,0.004458988539920897,54.526186305267025,1.0
31.0,20.0,1.1984552649553706,0.05484133291176398,0.55,12.074260000376174,12.818242799055092,0.2348779674484723,3.0,3.0,0.5433605829069192,0.004458988539920897,48.80332699451756,1.0
31.0,30.0,1.2106684379006971,0.0012213172945326535,0.66,24.601998365488605,12.88961987467848,0.2348779674484723,3.0,2.0,0.5433605829069192,0.004458988539920897,33.320648925040956,1.0
31.0,40.0,0.900919209493761,-0.030974922840693607,0.63,35.70855222021524,12.960225755060407,0.2348779674484723,3.0,1.0,0.5433605829069192,0.004458988539920897,19.83636700680544,1.0
31.0,50.0,0.5993920450744668,-0.030152716441929427,0.53,43.373543642063396,13.029926037894576,0.2348779674484723,2.0,1.0,0.41211394335160556,0.006376126378080467,11.984762355386238,1.0
31.0,60.0,0.3934444570753399,-0.020594758799912682,0.48,48.40121879352896,13.09858804473113,0.2348779674484723,2.0,2.0,0.41211394335160556,0.006376126378080467,9.727948997129358,1.0
31.0,70.0,0.28549592581187966,-0.010794853126346027,0.45,51.631612709190335,13.166081073537548,0.2348779674484723,2.0,2.0,0.41211394335160556,0.006376126378080467,9.476212725064961,1.0
31.0,80.0,0.30510965721030914,0.0019613731398429477,0.48,54.59912419119031,13.232276647497443,0.2348779674484723,2.0,2.0,0.41211394335160556,0.006376126378080467,8.840463700420385,1.0
31.0,90.0,0.3054497371995595,3.400799892503414e-05,0.47000000000000003,57.42416169538336,13.297048759573478,0.2348779674484723,2.0,2.0,0.41211394335160556,0.006376126378080467,7.988486379004165,1.0
31.0,100.0,0.3176724945393232,0.0012222757339763746,0.51,60.52088435481851,13.360274112368906,0.2348779674484723,2.0,2.0,0.41211394335160556,0.006376126378080467,6.30272069551561,1.0
31.0,110.0,0.1981873636276319,-0.011948513091169132,0.48,63.15919468488487,13.421832352831188,0.2348779674484723,2.0,2.0,0.41211394335160556,0.006376126378080467,4.978070555879871,1.0
31.0,120.0,0.16060597825920908,-0.0037581385368422814,0.48,65.00880364725165,13.481606301350865,0.2348779674484723,2.0,2.0,0.41211394335160556,0.006376126378080467,4.306333126161149,1.0
31.0,130.0,0.15027917863810814,-0.0010326799621100946,0.49,66.62434281711889,13.539482174819604,0.2348779674484723,2.0,2.0,0.41211394335160556,0.006376126378080467,3.5980590628975335,1.0
31.0,140.0,0.09833941793192835,-0.005193976070617978,0.46,67.99770666453071,13.595349803222796,0.2348779674484723,2.0,2.0,0.41211394335160556,0.006376126378080467,26.380834134146866,1.0
31.0,150.0,0.10166343303371406,0.00033240151017857047,0.47000000000000003,68.87654815460886,13.64910283935447,0.2348779674484723,2.0,2.0,0.41211394335160556,0.006376126378080467,72.89104254839782,1.0
31.0,160.0,0.08502356421907464,-0.0016639868814639414,0.48,69.88534580345393,13.700638961255237,0.2348779674484723,2.0,2.0,0.41211394335160556,0.006376126378080467,108.7115352277284,1.0
31.0,170.0,2.2580425886804214,0.21730190244613468,0.65,70.62996144707765,15.895751249618968,0.2348779674484723,3.0,4.0,0.5433605829069192,0.004458988539920897,105.924338552416,1.0
31.0,180.0,2.1025809701166622,-0.015546161856375917,1.0,70.62996144707765,15.942563644011273,0.2348779674484723,3.0,2.0,0.41211394335160556,0.006376126378080467,60.97281154032292,1.0
31.0,190.0,1.5004697277134085,-0.060211124240325375,1.0,70.62996144707765,15.986878217009831,0.2348779674484723,3.0,1.0,0.5433605829069192,0.004458988539920897,23.534542640285743,1.0
31.0,200.0,0.7132693143205451,-0.07872004133928634,0.8200000000000001,77.87144383602507,16.028610613306263,0.2348779674484723,2.0,1.0,0.4916119559634031,0.004864351134459159,5.374924012629546,1.0
31.0,210.0,0.04449992850508977,-0.06687693858154553,0.5700000000000001,81.85301642228194,16.067681392912306,0.2348779674484723,2.0,1.0,0.41211394335160556,0.006376126378080467,4.126971559506412,1.0
31.0,220.0,-0.18813104963274085,-0.02326309781378306,0.44,81.02428614700018,16.10401618237833,0.2348779674484723,2.0,2.0,0.41211394335160556,0.006376126378080467,4.330247056427055,1.0
31.0,230.0,-0.14975533965599652,0.0038375709976744333,0.45,79.41399086727343,16.13754581636747,0.2348779674484723,2.0,2.0,0.41211394335160556,0.006376126378080467,4.4005758665965296,1.0
31.0,240.0,0.05537893305650243,0.020513427271249895,0.51,78.86064270376082,16.168206469315713,0.2348779674484723,2.0,2.0,0.41211394335160556,0.006376126378080467,5.295598069779091,1.0
31.0,250.0,0.1727544764590938,0.011737554340259138,0.59,80.0685438524435,16.195939776927545,0.2348779674484723,2.0,2.0,0.41211394335160556,0.006376126378080467,4.783018625162955,1.0
31.0,260.0,0.19066277536526854,0.0017908298906174735,0.61,82.06165345519355,16.22069294727566,0.2348779674484723,2.0,2.0,0.41211394335160556,0.006376126378080467,3.063681782347581,1.0
31.0,270.0,0.12798543123320982,-0.006267734413205872,0.58,83.61817617020394,16.242418861293423,0.2348779674484723,2.0,2.0,0.41211394335160556,0.006376126378080467,1.7731668839616928,1.0
31.0,280.0,0.08491339279275678,-0.004307203844045304,0.58,84.67559433036408,16.261076162468683,0.2348779674484723,2.0,2.0,0.41211394335160556,0.006376126378080467,0.8400690078285479,1.0
31.0,290.0,0.003489210937704712,-0.008142418185505207,0.55,84.92060115648567,16.276629335568245,0.2348779674484723,2.0,2.0,0.41211394335160556,0.006376126378080467,1.0868749160545448,1.0
31.0,300.0,-0.022884019649083598,-0.002637323058678831,0.54,84.85965308327187,16.289048774243128,0.2348779674484723,2.0,2.0,0.41211394335160556,0.006376126378080467,1.731018526213846,1.0
31.0,0.0,0.03727372037797139,0.0,0.0,0.0,12.673719752742059,0.2348779674484723,2.0,2.0,0.5433605829069192,0.004458988539920897,43.4019569207889,2.0
31.0,10.0,0.6498916526110534,0.0612617932233082,0.26,2.796460726770025,12.746230398510505,0.2348779674484723,2.0,3.0,0.5433605829069192,0.004458988539920897,54.560075701088266,2.0
31.0,20.0,1.1594734142100833,0.05095817615990299,0.55,11.967893908089561,12.818242799055092,0.2348779674484723,3.0,3.0,0.5433605829069192,0.004458988539920897,48.170562471052186,2.0
31.0,30.0,1.226455206406019,0.006698179219593569,0.65,24.10684123716861,12.88961987467848,0.2348779674484723,3.0,2.0,0.5433605829069192,0.004458988539920897,33.92708183326816,2.0
31.0,40.0,0.942707789881549,-0.028374741652447,0.6,35.10304751092488,12.960225755060407,0.2348779674484723,3.0,1.0,0.5433605829069192,0.004458988539920897,21.485091263641536,2.0
31.0,50.0,0.6349278020081535,-0.030777998787339556,0.49,43.20921199433843,13.029926037894576,0.2348779674484723,2.0,1.0,0.41211394335160556,0.006376126378080467,14.318240277495462,2.0
31.0,60.0,0.48746410651021677,-0.01474636954979367,0.44,48.909823680762315,13.09858804473113,0.2348779674484723,2.0,2.0,0.41211394335160556,0.006376126378080467,12.299777939872722,2.0
31.0,70.0,0.4625004765846974,-0.002496362992551937,0.46,53.4984532393716,13.166081073537548,0.2348779674484723,2.0,2.0,0.41211394335160556,0.006376126378080467,11.656953677735224,2.0
31.0,80.0,0.47053732453163377,0.0008036847946936376,0.48,58.14116473599265,13.232276647497443,0.2348779674484723,2.0,2.0,0.41211394335160556,0.006376126378080467,10.494621134594537,2.0
31.0,90.0,0.4615846863817872,-0.0008952638149846593,0.5,62.77942004483978,13.297048759573478,0.2348779674484723,2.0,2.0,0.41211394335160556,0.006376126378080467,8.753210888914913,2.0
31.0,100.0,0.3756368991975627,-0.008594778718422447,0.48,67.03962340523123,13.360274112368906,0.2348779674484723,2.0,2.0,0.41211394335160556,0.006376126378080467,7.188771007804095,2.0
31.0,110.0,0.3851002704048483,0.0009463371207285576,0.5,70.96856613581046,13.421832352831188,0.2348779674484723,2.0,2.0,0.41211394335160556,0.006376126378080467,5.999032844848582,2.0
31.0,120.0,0.31750070703780153,-0.0067599563367046756,0.49,74.46426958166795,13.481606301350865,0.2348779674484723,2.0,2.0,0.41211394335160556,0.006376126378080467,5.189931645488705,2.0
31.0,130.0,0.24982624638395734,-0.006767446065384419,0.48,77.29748121291519,13.539482174819604,0.2348779674484723,2.0,2.0,0.41211394335160556,0.006376126378080467,4.851365552102611,2.0
31.0,140.0,0.24939143586318124,-4.348105207760966e-05,0.49,79.75997224740897,13.595349803222796,0.2348779674484723,2.0,2.0,0.41211394335160556,0.006376126378080467,25.43068398516762,2.0
31.0,150.0,0.18124647120462356,-0.006814496465855769,0.47000000000000003,82.12719252564584,13.64910283935447,0.2348779674484723,2.0,2.0,0.41211394335160556,0.006376126378080467,69.10964300790853,2.0
31.0,160.0,0.26305687840138603,0.008181040719676246,0.5,84.30710495422608,13.700638961255237,0.2348779674484723,2.0,2.0,0.41211394335160556,0.006376126378080467,105.11162546557827,2.0
31.0,170.0,2.3591535825080037,0.20960967041066175,0.63,85.91507529881962,15.895751249618968,0.2348779674484723,3.0,4.0,0.41211394335160556,0.006376126378080467,115.16519052478168,2.0
31.0,180.0,2.2264556477110524,-0.013269793479695124,1.0,85.91507529881962,15.942563644011273,0.2348779674484723,3.0,2.0,0.41211394335160556,0.006376126378080467,68.58078272593298,2.0
31.0,190.0,1.649684125192504,-0.05767715225185484,1.0,85.91507529881962,15.986878217009831,0.2348779674484723,3.0,1.0,0.5174862694351612,0.004053625945382633,28.652944380361205,2.0
31.0,200.0,0.8086944666404534,-0.08409896585520507,0.8300000000000001,92.64072496637972,16.028610613306263,0.2348779674484723,3.0,1.0,0.5174862694351612,0.004053625945382633,6.668177671338636,2.0
31.0,210.0,0.18861773193604847,-0.06200767347044049,0.55,97.60329375238996,16.067681392912306,0.2348779674484723,2.0,1.0,0.4916119559634031,0.004864351134459159,2.6778437141027114,2.0
31.0,220.0,-0.09467318854961704,-0.02832909204856655,0.41000000000000003,97.75055000682148,16.10401618237833,0.2348779674484723,2.0,1.0,0.41211394335160556,0.006376126378080467,1.8736464633869185,2.0
31.0,230.0,0.04547797254531716,0.014015116109493419,0.45,97.17026470020912,16.13754581636747,0.2348779674484723,2.0,2.0,0.41211394335160556,0.006376126378080467,4.011867021163962,2.0
31.0,240.0,0.21234253591352825,0.016686456336821108,0.55,98.4755916043765,16.168206469315713,0.2348779674484723,2.0,2.0,0.41211394335160556,0.006376126378080467,6.136740876670834,2.0
31.0,250.0,0.26937186308909133,0.005702932717556309,0.58,100.93826919925647,16.195939776927545,0.2348779674484723,2.0,2.0,0.4916119559634031,0.004864351134459159,5.872745138623049,2.0
31.0,260.0,0.2647336940576359,-0.0004638169031455419,0.59,103.59422576998553,16.22069294727566,0.2348779674484723,2.0,2.0,0.4916119559634031,0.004864351134459159,4.397725401109069,2.0
31.0,270.0,0.17884069536576064,-0.008589299869187527,0.58,105.87348484104115,16.242418861293423,0.2348779674484723,2.0,2.0,0.4916119559634031,0.004864351134459159,3.334428727113286,2.0
31.0,280.0,0.13265292627914604,-0.004618776908661459,0.56,107.40854730046253,16.261076162468683,0.2348779674484723,2.0,2.0,0.4916119559634031,0.004864351134459159,2.8826829042865896,2.0
31.0,290.0,0.1053796726120062,-0.002727325366713984,0.56,108.64812662895304,16.276629335568245,0.2348779674484723,2.0,2.0,0.4916119559634031,0.004864351134459159,2.6597835840667496,2.0
31.0,300.0,0.13336791323886743,0.002798824062686123,0.5700000000000001,109.84499884097872,16.289048774243128,0.2348779674484723,2.0,2.0,0.4916119559634031,0.004864351134459159,2.244094168213364,2.0
32.0,0.0,-4.45803465665211,0.0,0.0,0.0,11.061995825005923,0.12958793409944808,0.0,2.0,0.5174862694351612,0.004053625945382633,244.84729164645384,0.0
32.0,10.0,-3.848776863608567,0.06092577930435432,0.0,0.0,11.15145720698736,0.12958793409944808,0.0,3.0,0.5174862694351612,0.004053625945382633,162.25366868264507,0.0
32.0,20.0,-3.122589737863443,0.0726187125745124,0.0,0.0,11.24036847604976,0.12958793409944808,0.0,3.0,0.5174862694351612,0.004053625945382633,83.22961039182042,0.0
32.0,30.0,-1.5602882296231648,0.1562301508240278,0.0,0.0,12.203954394123258,0.12958793409944808,1.0,3.0,0.5174862694351612,0.004053625945382633,36.424136909679554,0.0
32.0,40.0,-0.9227250407831029,0.0637563188840062,0.0,0.0,12.291259063729193,0.12958793409944808,1.0,3.0,0.983802130466402,0.017967008630815393,18.695944143757632,0.0
32.0,50.0,-0.35663919207229,0.056608584871081294,0.0,0.0,12.377510305051068,0.12958793409944808,2.0,3.0,0.983802130466402,0.017967008630815393,23.817914175019606,0.0
32.0,60.0,0.23273459480934022,0.058937378688163025,0.0,0.39054341255667424,12.46254393394883,0.12958793409944808,2.0,3.0,0.983802130466402,0.017967008630815393,33.16759870756075,0.0
32.0,70.0,0.7229917945513513,0.04902571997420111,0.39,5.133368790389387,12.54619808407687,0.12958793409944808,2.0,3.0,0.983802130466402,0.017967008630815393,43.803748141667334,0.0
32.0,80.0,1.0418221337775222,0.031883033922617085,0.59,14.204304640949836,12.628313515005843,0.12958793409944808,3.0,3.0,0.983802130466402,0.017967008630815393,35.76850136259224,0.0
32.0,90.0,1.0348313411213184,-0.0006990792656203837,0.65,24.832576644217,12.708733915345825,0.12958793409944808,3.0,2.0,0.5433605829069192,0.004458988539920897,24.288142344565607,0.0
32.0,100.0,0.716758457534528,-0.031807288358679034,0.53,33.91768712730504,12.787306200293983,0.12958793409944808,2.0,1.0,0.5433605829069192,0.004458988539920897,11.090711339619777,0.0
32.0,110.0,0.4146752324841323,-0.030208322505039575,0.39,39.78369923092734,12.863880803040153,0.12958793409944808,2.0,1.0,0.4916119559634031,0.004864351134459159,6.686676734606999,0.0
32.0,120.0,0.18538113435156944,-0.022929409813256287,0.27,42.742983305586975,12.938311959475797,0.12958793409944808,2.0,2.0,0.983802130466402,0.017967008630815393,6.4701774414746644,0.0
32.0,130.0,0.15002645145423443,-0.003535468289733501,0.27,44.55965362480492,13.010457985664246,0.12958793409944808,2.0,2.0,0.983802130466402,0.017967008630815393,7.1649529443143205,0.0
32.0,140.0,0.29143522447681036,0.014140877302257594,0.32,46.61030099500771,13.080181547544143,0.12958793409944808,2.0,2.0,0.983802130466402,0.017967008630815393,9.432802097809597,0.0
32.0,150.0,0.3861729775343683,0.009473775305755794,0.41000000000000003,49.9052259765662,13.14734992235261,0.12958793409944808,2.0,2.0,0.983802130466402,0.017967008630815393,10.953858557514486,0.0
32.0,160.0,0.45234691102356095,0.006617393348919265,0.45,54.03940482080155,13.211835251270614,0.12958793409944808,2.0,2.0,0.4916119559634031,0.004864351134459159,11.186355749110982,0.0
32.0,170.0,0.43160318079644,-0.002074373022712095,0.46,58.445420404012005,13.27351478280945,0.12958793409944808,2.0,2.0,0.4916119559634031,0.004864351134459159,8.746293818369983,0.0
32.0,180.0,0.3703247629903359,-0.00612784178061041,0.44,62.44856530418906,13.332271106475183,0.12958793409944808,2.0,2.0,0.4916119559634031,0.004864351134459159,6.408599344368327,0.0
32.0,190.0,0.27869157602941286,-0.009163318696092304,0.42,65.71327468202786,13.38799237626624,0.12958793409944808,2.0,2.0,0.4916119559634031,0.004864351134459159,4.819325668297095,0.0
32.0,200.0,0.17875825561933567,-0.009993332041007719,0.37,67.86529429615138,13.440572523578581,0.12958793409944808,2.0,2.0,0.4916119559634031,0.004864351134459159,4.785979972558296,0.0
32.0,210.0,0.12806108269409222,-0.005069717292524345,0.36,69.40597260281177,13.489911459113337,0.12958793409944808,2.0,2.0,0.4916119559634031,0.004864351134459159,5.551873113177582,0.0
32.0,220.0,0.1623002509993512,0.003423916830525897,0.38,70.99258563469651,13.535915263402465,0.12958793409944808,2.0,2.0,0.4916119559634031,0.004864351134459159,6.219669178392871,0.0
32.0,230.0,0.24372113111370197,0.008142088011435077,0.42,73.09484145767442,13.578496365589828,0.12958793409944808,2.0,2.0,0.4916119559634031,0.004864351134459159,5.991973898312927,0.0
32.0,240.0,0.23471176074074762,-0.0009009370372954351,0.43,75.5373358107469,13.61757371012726,0.12958793409944808,2.0,2.0,0.4916119559634031,0.004864351134459159,5.043764428650269,0.0
32.0,250.0,0.19462116881560476,-0.004009059192514286,0.43,77.77773447114517,13.653072911068413,0.12958793409944808,2.0,2.0,0.4916119559634031,0.004864351134459159,4.088509230166975,0.0
32.0,260.0,0.19304364647994632,-0.00015775223356584434,0.43,79.70567959402145,13.684926393666665,0.12958793409944808,2.0,2.0,0.4916119559634031,0.004864351134459159,3.328674193645686,0.0
32.0,270.0,0.13208448060965594,-0.006095916587029038,0.41000000000000003,81.36225250628405,13.713073523007452,0.12958793409944808,2.0,2.0,0.4916119559634031,0.004864351134459159,2.906813099676122,0.0
32.0,280.0,0.10551315058562949,-0.0026571330024026452,0.38,82.47506896482406,13.737460719430288,0.12958793409944808,2.0,2.0,0.4916119559634031,0.004864351134459159,3.065386215759668,0.0
32.0,290.0,0.12190568720339456,0.0016392536617765075,0.4,83.63506113812296,13.758041560520716,0.12958793409944808,2.0,2.0,0.4916119559634031,0.004864351134459159,3.1723016910583146,0.0
32.0,300.0,0.13036562551277342,0.0008459938309378856,0.41000000000000003,84.95208444788686,13.774776869477975,0.12958793409944808,2.0,2.0,0.4916119559634031,0.004864351134459159,3.012741622885987,0.0
32.0,0.0,-4.478000228286209,0.0,0.0,0.0,11.061995825005923,0.12958793409944808,0.0,2.0,0.5174862694351612,0.004053625945382633,244.95710192601325,1.0
32.0,10.0,-3.8660595030556415,0.061194072523056774,0.0,0.0,11.15145720698736,0.12958793409944808,0.0,3.0,0.5174862694351612,0.004053625945382633,162.34872288414695,1.0
32.0,20.0,-3.0938532162008414,0.07722062868548,0.0,0.0,11.24036847604976,0.12958793409944808,0.0,3.0,0.5174862694351612,0.004053625945382633,83.07156187366277,1.0
32.0,30.0,-1.5398788118283626,0.15539744043724787,0.0,0.0,12.203954394123258,0.12958793409944808,1.0,3.0,0.5174862694351612,0.004053625945382633,36.311981965232945,1.0
32.0,40.0,-0.9130996155120563,0.06267791963163064,0.0,0.0,12.291259063729193,0.12958793409944808,1.0,3.0,0.983802130466402,0.017967008630815393,18.64563987626541,1.0
32.0,50.0,-0.3222126654435904,0.05908869500684659,0.0,0.0,12.377510305051068,0.12958793409944808,2.0,3.0,0.983802130466402,0.017967008630815393,23.752602007402484,1.0
32.0,60.0,0.23120251359280886,0.05534151790363993,0.25,0.33987105381670446,12.46254393394883,0.12958793409944808,2.0,3.0,0.983802130466402,0.017967008630815393,31.8513138102011,1.0
32.0,70.0,0.7654551354111092,0.05342526218183004,0.7000000000000001,5.277655591470893,12.54619808407687,0.12958793409944808,3.0,3.0,0.983802130466402,0.017967008630815393,27.010531238313465,1.0
32.0,80.0,0.8854880262995231,0.012003289088841384,1.0,8.52375688083406,12.628313515005843,0.12958793409944808,3.0,2.0,0.5174862694351612,0.004053625945382633,14.77513567856256,1.0
32.0,90.0,0.432899039750005,-0.04525889865495181,0.76,13.296795136763905,12.708733915345825,0.12958793409944808,2.0,1.0,0.5174862694351612,0.004053625945382633,13.573436462066125,1.0
32.0,100.0,-0.2268044763593089,-0.06597035161093139,0.0,14.71545448751996,12.787306200293983,0.12958793409944808,2.0,1.0,0.5174862694351612,0.004053625945382633,16.8805086498349,1.0
32.0,110.0,-0.6011119241030194,-0.03743074477437105,0.0,14.48865001116065,12.863880803040153,0.12958793409944808,1.0,1.0,0.983802130466402,0.017967008630815393,14.225457325534984,1.0
32.0,120.0,-0.41112525192768246,0.018998667217533693,0.0,14.48865001116065,12.938311959475797,0.12958793409944808,1.0,2.0,0.983802130466402,0.017967008630815393,14.920511366315134,1.0
32.0,130.0,-0.0014210938085881253,0.04097041581190943,0.25,13.928365218500339,13.010457985664246,0.12958793409944808,2.0,3.0,0.983802130466402,0.017967008630815393,17.67772848477359,1.0
32.0,140.0,0.5388341457343842,0.05402552395429723,0.7000000000000001,16.67431136816685,13.080181547544143,0.12958793409944808,2.0,3.0,0.983802130466402,0.017967008630815393,17.227689601165295,1.0
32.0,150.0,0.6808780838574968,0.014204393812311266,1.0,20.256690504912537,13.14734992235261,0.12958793409944808,2.0,2.0,0.5174862694351612,0.004053625945382633,12.508866398519721,1.0
32.0,160.0,0.246791778886724,-0.043408630497077286,0.73,23.51973384211333,13.211835251270614,0.12958793409944808,2.0,1.0,0.5174862694351612,0.004053625945382633,16.230495434823666,1.0
32.0,170.0,-0.4214481363363589,-0.0668239915223083,0.0,22.868829783475377,13.27351478280945,0.12958793409944808,1.0,1.0,0.5174862694351612,0.004053625945382633,22.427460219474536,1.0
32.0,180.0,-0.7169096597505344,-0.029546152341417553,0.0,22.868829783475377,13.332271106475183,0.12958793409944808,1.0,1.0,0.983802130466402,0.017967008630815393,16.14068428200208,1.0
32.0,190.0,-0.46244910599878963,0.02544605537517448,0.0,22.868829783475377,13.38799237626624,0.12958793409944808,1.0,3.0,0.983802130466402,0.017967008630815393,12.296408728196006,1.0
32.0,200.0,0.04467543346758518,0.05071245394663748,0.34,20.726581742060233,13.440572523578581,0.12958793409944808,2.0,3.0,0.983802130466402,0.017967008630815393,12.521754480298354,1.0
32.0,210.0,0.4835460070250974,0.04388705735575123,0.8300000000000001,23.129864870390776,13.489911459113337,0.12958793409944808,2.0,3.0,0.5433605829069192,0.004458988539920897,13.483902984375241,1.0
32.0,220.0,0.54215146330586,0.0058605456280762525,1.0,25.72268756862068,13.535915263402465,0.12958793409944808,2.0,2.0,0.5174862694351612,0.004053625945382633,14.862322028066755,1.0
32.0,230.0,0.010487171473979373,-0.053166429183188056,0.65,28.5792192435205,13.578496365589828,0.12958793409944808,2.0,1.0,0.5174862694351612,0.004053625945382633,17.918945290935717,1.0
32.0,240.0,-0.591775912562305,-0.060226308403628435,0.0,26.72117362271788,13.61757371012726,0.12958793409944808,1.0,1.0,0.5174862694351612,0.004053625945382633,25.75340308441271,1.0
32.0,250.0,-0.7761584514593807,-0.018438253889707566,0.0,26.72117362271788,13.653072911068413,0.12958793409944808,1.0,2.0,0.983802130466402,0.017967008630815393,16.454383446288936,1.0
32.0,260.0,-0.43361908201030275,0.03425393694490779,0.0,26.72117362271788,13.684926393666665,0.12958793409944808,1.0,3.0,0.983802130466402,0.017967008630815393,11.262590920469709,1.0
32.0,270.0,0.06679505404387953,0.05004141360541823,0.44,24.43686329231722,13.713073523007452,0.12958793409944808,2.0,3.0,0.983802130466402,0.017967008630815393,10.688097301158653,1.0
32.0,280.0,0.4781422039324532,0.04113471498885737,0.9400000000000001,27.316478498279512,13.737460719430288,0.12958793409944808,2.0,3.0,0.5174862694351612,0.004053625945382633,7.211611708505998,1.0
32.0,290.0,0.3929675163285289,-0.008517468760392433,0.97,29.22793756770688,13.758041560520716,0.12958793409944808,2.0,2.0,0.5174862694351612,0.004053625945382633,18.22088090145015,1.0
32.0,300.0,-0.17517389000840566,-0.05681414063369346,0.5,30.727255413864558,13.774776869477975,0.12958793409944808,2.0,1.0,0.5174862694351612,0.004053625945382633,23.24915778040659,1.0
32.0,0.0,-4.455600518056322,0.0,0.0,0.0,11.061995825005923,0.12958793409944808,0.0,2.0,0.5174862694351612,0.004053625945382633,244.83390392860701,2.0
32.0,10.0,-3.843342197851179,0.061225832020514306,0.0,0.0,11.15145720698736,0.12958793409944808,0.0,3.0,0.5174862694351612,0.004053625945382633,162.22377812017754,2.0
32.0,20.0,-3.0958084266494197,0.0747533771201759,0.0,0.0,11.24036847604976,0.12958793409944808,0.0,3.0,0.5174862694351612,0.004053625945382633,83.08231537117075,2.0
32.0,30.0,-1.5586542785763626,0.15371541480730572,0.0,0.0,12.203954394123258,0.12958793409944808,1.0,3.0,0.5174862694351612,0.004053625945382633,36.41515793287955,2.0
32.0,40.0,-0.909434853140187,0.06492194254361756,0.0,0.0,12.291259063729193,0.12958793409944808,1.0,3.0,0.983802130466402,0.017967008630815393,18.626487144676023,2.0
32.0,50.0,-0.33394502834141093,0.05754898247987761,0.0,0.0,12.377510305051068,0.12958793409944808,2.0,3.0,0.983802130466402,0.017967008630815393,23.774860019672833,2.0
32.0,60.0,0.25615667477458004,0.059010170311599094,0.0,0.44336190713859125,12.46254393394883,0.12958793409944808,2.0,3.0,0.983802130466402,0.017967008630815393,32.804881848767835,2.0
32.0,70.0,0.7463409135080568,0.04901842387334767,0.34,5.394669770699693,12.54619808407687,0.12958793409944808,2.0,3.0,0.983802130466402,0.017967008630815393,46.738090861955534,2.0
32.0,80.0,1.060661870778759,0.03143209572707022,0.53,14.714029366583453,12.628313515005843,0.12958793409944808,3.0,3.0,0.983802130466402,0.017967008630815393,40.26047718298425,2.0
32.0,90.0,1.1129260137910428,0.005226414301228388,0.61,25.86139105475138,12.708733915345825,0.12958793409944808,3.0,2.0,0.983802130466402,0.017967008630815393,28.998850304963458,2.0
32.0,100.0,0.8858336245542375,-0.02270923892368053,0.56,36.03236456449723,12.787306200293983,0.12958793409944808,3.0,2.0,0.5433605829069192,0.004458988539920897,15.658892106601716,2.0
32.0,110.0,0.5546289132954456,-0.033120471125879195,0.47000000000000003,43.43115153471666,12.863880803040153,0.12958793409944808,2.0,1.0,0.5433605829069192,0.004458988539920897,7.656063783239807,2.0
32.0,120.0,0.2970831921854433,-0.02575457211100023,0.36,47.66088748228211,12.938311959475797,0.12958793409944808,2.0,1.0,0.4916119559634031,0.004864351134459159,5.996089458889468,2.0
32.0,130.0,0.18300439555420667,-0.011407879663123666,0.3,49.98661555905163,13.010457985664246,0.12958793409944808,2.0,2.0,0.983802130466402,0.017967008630815393,6.850274242346217,2.0
32.0,140.0,0.17347240146100162,-0.0009531994093205043,0.32,51.61152996939301,13.080181547544143,0.12958793409944808,2.0,2.0,0.983802130466402,0.017967008630815393,7.38104288855079,2.0
32.0,150.0,0.23937587224346757,0.006590347078246595,0.35000000000000003,53.61975640983617,13.14734992235261,0.12958793409944808,2.0,2.0,0.983802130466402,0.017967008630815393,8.641838378785359,2.0
32.0,160.0,0.32105942113467734,0.008168354889120977,0.39,56.30350435387435,13.211835251270614,0.12958793409944808,2.0,2.0,0.983802130466402,0.017967008630815393,9.66785771937906,2.0
32.0,170.0,0.3512717073276086,0.003021228619293126,0.42,59.72300451401259,13.27351478280945,0.12958793409944808,2.0,2.0,0.4916119559634031,0.004864351134459159,8.901049763464588,2.0
32.0,180.0,0.3371484274845855,-0.0014123279843023084,0.43,63.14203859023093,13.332271106475183,0.12958793409944808,2.0,2.0,0.4916119559634031,0.004864351134459159,7.154476687725873,2.0
32.0,190.0,0.28301389537678645,-0.005413453210779906,0.44,66.21543463848738,13.38799237626624,0.12958793409944808,2.0,2.0,0.4916119559634031,0.004864351134459159,5.537002369796143,2.0
32.0,200.0,0.20683161599122002,-0.007618227938556643,0.41000000000000003,68.52509741047626,13.440572523578581,0.12958793409944808,2.0,2.0,0.4916119559634031,0.004864351134459159,4.5784071277249865,2.0
32.0,210.0,0.12045354394073371,-0.008637807205048632,0.39,70.29380850278247,13.489911459113337,0.12958793409944808,2.0,2.0,0.4916119559634031,0.004864351134459159,4.196020072128267,2.0
32.0,220.0,0.1420326464402173,0.0021579102499483583,0.39,71.72523614657254,13.535915263402465,0.12958793409944808,2.0,2.0,0.4916119559634031,0.004864351134459159,4.199368211999526,2.0
32.0,230.0,0.14151234868588247,-5.202977543348197e-05,0.4,73.1667322239998,13.578496365589828,0.12958793409944808,2.0,2.0,0.4916119559634031,0.004864351134459159,3.9444822044273686,2.0
32.0,240.0,0.1363084323335393,-0.0005203916352343185,0.41000000000000003,74.62866001862226,13.61757371012726,0.12958793409944808,2.0,2.0,0.4916119559634031,0.004864351134459159,3.6965678102313464,2.0
32.0,250.0,0.16098587115738638,0.0024677438823847097,0.42,75.96542685399636,13.653072911068413,0.12958793409944808,2.0,2.0,0.4916119559634031,0.004864351134459159,3.293673762223843,2.0
32.0,260.0,0.1394523721057901,-0.0021533499051596293,0.42,77.39712374859765,13.684926393666665,0.12958793409944808,2.0,2.0,0.4916119559634031,0.004864351134459159,2.7107364295581355,2.0
32.0,270.0,0.10141384403771525,-0.003803852806807484,0.42,78.72725603898448,13.713073523007452,0.12958793409944808,2.0,2.0,0.4916119559634031,0.004864351134459159,2.1497524837052775,2.0
32.0,280.0,0.0814797313425828,-0.0019934112695132455,0.4,79.42947215804756,13.737460719430288,0.12958793409944808,2.0,2.0,0.4916119559634031,0.004864351134459159,2.154768374210275,2.0
32.0,290.0,0.08790251840184382,0.0006422787059261025,0.41000000000000003,80.24554004787082,13.758041560520716,0.12958793409944808,2.0,2.0,0.4916119559634031,0.004864351134459159,2.0921934797155513,2.0
32.0,300.0,0.07407266726112027,-0.0013829851140723548,0.41000000000000003,81.00274504141514,13.774776869477975,0.12958793409944808,2.0,2.0,0.4916119559634031,0.004864351134459159,2.066054077688494,2.0
33.0,0.0,3.735213932120608,0.0,0.0,0.0,12.077549960572668,0.23260051224265782,4.0,2.0,0.5174862694351612,0.004053625945382633,260.8520737362699,0.0
33.0,10.0,4.070309954056523,0.03350960219359145,0.75,0.0,12.096980855248155,0.23260051224265782,4.0,3.0,0.5174862694351612,0.004053625945382633,221.14744213669292,0.0
33.0,20.0,3.6768092544237234,-0.03935006996327992,1.0,0.0,12.116617297869837,0.23260051224265782,4.0,1.0,1.0034555969553707,0.002993258891237289,161.79324972192222,0.0
33.0,30.0,2.8680087753802077,-0.08088004790435158,1.0,0.0,12.136421909353118,0.23260051224265782,3.0,1.0,1.0034555969553707,0.002993258891237289,101.37260892071878,0.0
33.0,40.0,2.028946607859776,-0.08390621675204316,1.0,0.0,12.156356990494423,0.23260051224265782,3.0,1.0,1.0034555969553707,0.002993258891237289,50.93503433981938,0.0
33.0,50.0,1.2718936442068447,-0.07570529636529315,0.75,12.896591051143197,12.176384593733765,0.23260051224265782,3.0,1.0,1.0034555969553707,0.002993258891237289,26.725444892454203,0.0
33.0,60.0,0.8730348655633762,-0.03988587786434685,0.55,23.35457239805685,12.196466595390078,0.23260051224265782,3.0,1.0,1.0034555969553707,0.002993258891237289,23.02087815934502,0.0
33.0,70.0,0.7970064985988401,-0.007602836696453607,0.54,31.594829701287395,12.216564768231827,0.23260051224265782,3.0,2.0,1.0034555969553707,0.002993258891237289,22.781475502037413,0.0
33.0,80.0,0.8004117876266577,0.00034052890278175597,0.59,39.79895038868595,12.236640854244698,0.23260051224265782,3.0,2.0,1.0034555969553707,0.002993258891237289,20.877929098736253,0.0
33.0,90.0,0.7986046714409163,-0.00018071161857413642,0.61,47.956599897466944,12.256656637457915,0.23260051224265782,3.0,2.0,1.0034555969553707,0.002993258891237289,18.411451756658824,0.0
33.0,100.0,0.6999134454748024,-0.00986912259661139,0.58,55.478742625907856,12.276574016690518,0.23260051224265782,2.0,2.0,1.0034555969553707,0.002993258891237289,16.163348457660327,0.0
33.0,110.0,0.6621358447867358,-0.0037777600688066572,0.59,62.16561298817655,12.296355078079102,0.23260051224265782,2.0,2.0,1.0034555969553707,0.002993258891237289,14.576309582194163,0.0
33.0,120.0,0.6010924101279471,-0.00610434346587887,0.59,68.39164670047894,12.315962167249026,0.23260051224265782,2.0,2.0,1.0034555969553707,0.002993258891237289,13.081102564084746,0.0
33.0,130.0,0.5367702344557088,-0.00643221756722383,0.59,74.09396733321742,12.335357960991672,0.23260051224265782,2.0,2.0,1.0034555969553707,0.002993258891237289,11.842928068450291,0.0
33.0,140.0,0.5280744232478725,-0.0008695811207836357,0.59,79.41776277355295,12.354505538311258,0.23260051224265782,2.0,2.0,1.0034555969553707,0.002993258891237289,10.998848628471139,0.0
33.0,150.0,0.4528840562144225,-0.007519036703344995,0.58,84.2110627308001,12.373368450706081,0.23260051224265782,2.0,2.0,1.0034555969553707,0.002993258891237289,10.455591954602017,0.0
33.0,160.0,0.4363345323841372,-0.0016549523830285296,0.59,88.74634749353534,12.391910791550302,0.23260051224265782,2.0,2.0,1.0034555969553707,0.002993258891237289,9.862410493401596,0.0
33.0,170.0,0.3786971414950031,-0.005763739088913411,0.58,93.02294442878775,12.41009726444424,0.23260051224265782,2.0,2.0,0.4916119559634031,0.004864351134459159,8.811061075621408,0.0
33.0,180.0,0.35423284012573575,-0.002446430136926736,0.58,96.61226722863414,12.427893250403095,0.23260051224265782,2.0,2.0,0.4916119559634031,0.004864351134459159,8.063214431348289,0.0
33.0,190.0,0.32592062193392835,-0.0028312218191807403,0.58,100.01121201737723,12.445264873756138,0.23260051224265782,2.0,2.0,1.0034555969553707,0.002993258891237289,16.542062319733095,0.0
33.0,200.0,0.3237826279148308,-0.00021379940190975334,0.59,103.35441644425104,12.46217906663098,0.23260051224265782,2.0,2.0,0.5174862694351612,0.004053625945382633,39.9678783779665,0.0
33.0,210.0,0.2969998967990506,-0.002678273111578022,0.59,106.51190104807245,12.478603631900135,0.23260051224265782,2.0,2.0,0.5174862694351612,0.004053625945382633,44.30373804017705,0.0
33.0,220.0,-1.3276306017556223,-0.16246304985546728,0.0,109.07969856264452,10.896900497467115,0.23260051224265782,1.0,1.0,0.4916119559634031,0.004864351134459159,37.125794779748496,0.0
33.0,230.0,-1.0127866959170966,0.03148439058385257,0.0,109.07969856264452,10.91225300379326,0.23260051224265782,1.0,3.0,0.4916119559634031,0.004864351134459159,11.692574554234957,0.0
33.0,240.0,-0.22302214127840614,0.07897645546386904,0.27,105.28686073191975,10.927025119507213,0.23260051224265782,2.0,3.0,0.4916119559634031,0.004864351134459159,4.488994655201538,0.0
33.0,250.0,0.2969984183325529,0.0520020559610959,0.5700000000000001,105.96300348091792,10.941188725047105,0.23260051224265782,2.0,3.0,0.5433605829069192,0.004458988539920897,4.27076293931584,0.0
33.0,260.0,0.23447946551941,-0.00625189528131429,0.56,108.79928385942604,10.9547168591848,0.23260051224265782,2.0,2.0,0.5433605829069192,0.004458988539920897,2.3686574308783306,0.0
33.0,270.0,0.10570058641100033,-0.012877887910840968,0.52,110.6527034331946,10.967583770348071,0.23260051224265782,2.0,2.0,0.5433605829069192,0.004458988539920897,1.3473726542080342,0.0
33.0,280.0,0.08449198206761821,-0.002120860434338212,0.49,111.5946320810069,10.979764965640214,0.23260051224265782,2.0,2.0,0.5433605829069192,0.004458988539920897,1.391015385023654,0.0
33.0,290.0,0.06141844269227548,-0.002307353937534273,0.48,112.46904191875008,10.99123725746366,0.23260051224265782,2.0,2.0,0.5433605829069192,0.004458988539920897,1.3892232205906783,0.0
33.0,300.0,0.05430413262582334,-0.0007114310066452135,0.49,113.2198420401312,11.001978807658865,0.23260051224265782,2.0,2.0,0.5433605829069192,0.004458988539920897,1.4846540868066775,0.0
33.0,0.0,3.7190522721291366,0.0,0.0,0.0,12.077549960572668,0.23260051224265782,4.0,2.0,0.5174862694351612,0.004053625945382633,260.7712656891664,1.0
33.0,10.0,4.059476265752281,0.034042399362314416,0.75,0.0,12.096980855248155,0.23260051224265782,4.0,3.0,0.5174862694351612,0.004053625945382633,221.0932738646679,1.0
33.0,20.0,3.6998736247733177,-0.0359602640978963,1.0,0.0,12.116617297869837,0.23260051224265782,4.0,1.0,1.0034555969553707,0.002993258891237289,161.90857121282158,1.0
33.0,30.0,2.876876501697396,-0.08229971230759218,1.0,0.0,12.136421909353118,0.23260051224265782,3.0,1.0,1.0034555969553707,0.002993258891237289,101.41694741356658,1.0
33.0,40.0,2.023889340798739,-0.08529871608986568,1.0,0.0,12.156356990494423,0.23260051224265782,3.0,1.0,1.0034555969553707,0.002993258891237289,50.909752567109585,1.0
33.0,50.0,1.2893363605900596,-0.07345529802086795,1.0,0.0,12.176384593733765,0.23260051224265782,3.0,1.0,1.0034555969553707,0.002993258891237289,22.014922775027753,1.0
33.0,60.0,0.5634380841317075,-0.07258982764583521,0.73,4.767068693000965,12.196466595390078,0.23260051224265782,2.0,1.0,1.0034555969553707,0.002993258891237289,17.23845908496886,1.0
33.0,70.0,0.19826076234153334,-0.036517732179017416,0.25,8.226960421955194,12.216564768231827,0.23260051224265782,2.0,1.0,1.0034555969553707,0.002993258891237289,20.562153532541636,1.0
33.0,80.0,0.5114885916701652,0.03132278293286319,0.49,11.243588556255002,12.236640854244698,0.23260051224265782,2.0,3.0,1.0034555969553707,0.002993258891237289,21.44359816119994,1.0
33.0,90.0,0.697029932005286,0.01855413403351207,0.77,17.784916238213178,12.256656637457915,0.23260051224265782,2.0,2.0,1.0034555969553707,0.002993258891237289,17.040658420096577,1.0
33.0,100.0,0.4431720198200182,-0.025385791218526778,0.56,23.60100851648435,12.276574016690518,0.23260051224265782,2.0,1.0,1.0034555969553707,0.002993258891237289,15.404534545690778,1.0
33.0,110.0,0.4130225653324189,-0.0030149454487599313,0.48,27.7927393155979,12.296355078079102,0.23260051224265782,2.0,2.0,1.0034555969553707,0.002993258891237289,15.636322778836584,1.0
33.0,120.0,0.5262737446727748,0.01132511793403559,0.62,32.43596536915966,12.315962167249026,0.23260051224265782,2.0,2.0,1.0034555969553707,0.002993258891237289,15.054273289294064,1.0
33.0,130.0,0.4959211868965703,-0.003035255777620449,0.63,37.5671924919767,12.335357960991672,0.23260051224265782,2.0,2.0,1.0034555969553707,0.002993258891237289,14.021024949390782,1.0
33.0,140.0,0.41378662391953114,-0.008213456297703915,0.55,42.04624728168614,12.354505538311258,0.23260051224265782,2.0,2.0,1.0034555969553707,0.002993258891237289,13.725156083998574,1.0
33.0,150.0,0.42738574235276516,0.0013599118433234025,0.58,46.3390312502906,12.373368450706081,0.23260051224265782,2.0,2.0,1.0034555969553707,0.002993258891237289,13.3244970861335,1.0
33.0,160.0,0.3999637827953997,-0.0027421959557365483,0.55,50.51668531799005,12.391910791550302,0.23260051224265782,2.0,2.0,1.0034555969553707,0.002993258891237289,12.983761308285551,1.0
33.0,170.0,0.4347330020678619,0.003476921927246224,0.6,54.76696544516005,12.41009726444424,0.23260051224265782,2.0,2.0,1.0034555969553707,0.002993258891237289,12.458665210488316,1.0
33.0,180.0,0.36357638565916517,-0.007115661640869675,0.54,58.81783158892917,12.427893250403095,0.23260051224265782,2.0,2.0,1.0034555969553707,0.002993258891237289,12.137312078003463,1.0
33.0,190.0,0.37708160807348534,0.0013505222414320172,0.5700000000000001,62.369802481161614,12.445264873756138,0.23260051224265782,2.0,2.0,1.0034555969553707,0.002993258891237289,18.607653092162167,1.0
33.0,200.0,0.38124359783885,0.0004161989765364638,0.59,66.28668589424421,12.46217906663098,0.23260051224265782,2.0,2.0,0.5174862694351612,0.004053625945382633,32.69220597563333,1.0
33.0,210.0,0.3399170070476387,-0.004132659079121126,0.56,70.01813170088371,12.478603631900135,0.23260051224265782,2.0,2.0,0.5174862694351612,0.004053625945382633,35.02005201538113,1.0
33.0,220.0,-1.2472403896325126,-0.15871573966801514,0.0,72.99566893794751,10.896900497467115,0.23260051224265782,1.0,1.0,0.4916119559634031,0.004864351134459159,33.89759386460574,1.0
33.0,230.0,-0.8939359321781666,0.035330445745434605,0.0,72.99566893794751,10.91225300379326,0.23260051224265782,1.0,3.0,0.4916119559634031,0.004864351134459159,14.206641103832656,1.0
33.0,240.0,-0.1070671189272474,0.07868688132509191,0.0,72.8309805095634,10.927025119507213,0.23260051224265782,2.0,3.0,0.4916119559634031,0.004864351134459159,12.256127707936791,1.0
33.0,250.0,0.5958309771218886,0.0702898096049136,0.63,75.366883360454,10.941188725047105,0.23260051224265782,2.0,3.0,1.0034555969553707,0.002993258891237289,11.358061707935748,1.0
33.0,260.0,0.5001968643440158,-0.009563411277787282,0.8,81.47806464526569,10.9547168591848,0.23260051224265782,2.0,2.0,0.4916119559634031,0.004864351134459159,4.287718365573461,1.0
33.0,270.0,0.07152191792264162,-0.04286749464213742,0.35000000000000003,84.44193375905749,10.967583770348071,0.23260051224265782,2.0,1.0,0.4916119559634031,0.004864351134459159,4.118296867109285,1.0
33.0,280.0,0.1316273643897965,0.006010544646715488,0.36,84.90447483519816,10.979764965640214,0.23260051224265782,2.0,2.0,0.4916119559634031,0.004864351134459159,7.8229339624915735,1.0
33.0,290.0,0.3592064687585399,0.02275791043687434,0.63,87.41837662220934,10.99123725746366,0.23260051224265782,2.0,2.0,0.4916119559634031,0.004864351134459159,6.252240561602436,1.0
33.0,300.0,0.23848560671893893,-0.012072086203960098,0.55,90.74863961008671,11.001978807658865,0.23260051224265782,2.0,2.0,0.4916119559634031,0.004864351134459159,3.7141083160600403,1.0
33.0,0.0,3.7331654948815434,0.0,0.0,0.0,12.077549960572668,0.23260051224265782,4.0,2.0,0.5174862694351612,0.004053625945382633,260.84183158212306,2.0
33.0,10.0,4.0281680040149475,0.02950025091334041,0.75,0.0,12.096980855248155,0.23260051224265782,4.0,3.0,0.5174862694351612,0.004053625945382633,220.93673304580784,2.0
33.0,20.0,3.6982500938704703,-0.03299179101444771,1.0,0.0,12.116617297869837,0.23260051224265782,4.0,1.0,1.0034555969553707,0.002993258891237289,161.90045358370804,2.0
33.0,30.0,2.8808058888292862,-0.08174442050411841,1.0,0.0,12.136421909353118,0.23260051224265782,3.0,1.0,1.0034555969553707,0.002993258891237289,101.43659428774973,2.0
33.0,40.0,2.0308158393142257,-0.08499900495150606,0.96,4.35620124968014,12.156356990494423,0.23260051224265782,3.0,1.0,1.0034555969553707,0.002993258891237289,51.19521580761817,2.0
33.0,50.0,1.3265915455191433,-0.07042242937950824,0.71,21.283073541123443,12.176384593733765,0.23260051224265782,3.0,1.0,1.0034555969553707,0.002993258891237289,30.532817853626575,2.0
33.0,60.0,0.9682238692972973,-0.035836767622184594,0.59,32.8020259820191,12.196466595390078,0.23260051224265782,3.0,1.0,1.0034555969553707,0.002993258891237289,25.420056870149285,2.0
33.0,70.0,0.8684376497875057,-0.00997862195097916,0.59,42.08265912273465,12.216564768231827,0.23260051224265782,3.0,2.0,1.0034555969553707,0.002993258891237289,22.4674750784607,2.0
33.0,80.0,0.8444007050883116,-0.002403694469919415,0.6,50.54080979567276,12.236640854244698,0.23260051224265782,3.0,2.0,1.0034555969553707,0.002993258891237289,20.128739288576913,2.0
33.0,90.0,0.7763237286980953,-0.006807697639021626,0.62,58.71759581723737,12.256656637457915,0.23260051224265782,3.0,2.0,1.0034555969553707,0.002993258891237289,16.831210614397822,2.0
33.0,100.0,0.6442707327824522,-0.013205299591564312,0.6,65.91931085281391,12.276574016690518,0.23260051224265782,2.0,2.0,1.0034555969553707,0.002993258891237289,14.311000290710805,2.0
33.0,110.0,0.5853461652006615,-0.0058924567581790654,0.59,72.08281572028287,12.296355078079102,0.23260051224265782,2.0,2.0,1.0034555969553707,0.002993258891237289,12.714130554060281,2.0
33.0,120.0,0.5180602677514017,-0.006728589744925984,0.59,77.65322765175688,12.315962167249026,0.23260051224265782,2.0,2.0,1.0034555969553707,0.002993258891237289,11.307429018731462,2.0
33.0,130.0,0.4697920583983404,-0.004826820935306131,0.59,82.68006325491571,12.335357960991672,0.23260051224265782,2.0,2.0,1.0034555969553707,0.002993258891237289,10.57709980407368,2.0
33.0,140.0,0.4224523392588466,-0.004733971913949375,0.59,87.17463273265068,12.354505538311258,0.23260051224265782,2.0,2.0,1.0034555969553707,0.002993258891237289,9.987759205514024,2.0
33.0,150.0,0.3881405879520621,-0.0034311751306784545,0.6,91.21932242239964,12.373368450706081,0.23260051224265782,2.0,2.0,0.4916119559634031,0.004864351134459159,8.952937783353734,2.0
33.0,160.0,0.3251527327371022,-0.0062987855214959865,0.59,94.82464012224874,12.391910791550302,0.23260051224265782,2.0,2.0,0.4916119559634031,0.004864351134459159,7.879937058182635,2.0
33.0,170.0,0.29125510263191856,-0.0033897630105183653,0.6,98.08425049525688,12.41009726444424,0.23260051224265782,2.0,2.0,0.4916119559634031,0.004864351134459159,6.818380753015199,2.0
33.0,180.0,0.25140861337824205,-0.003984648925367651,0.58,100.87859201459544,12.427893250403095,0.23260051224265782,2.0,2.0,0.4916119559634031,0.004864351134459159,5.904786386177724,2.0
33.0,190.0,0.2206258817837785,-0.003078273159446354,0.58,103.2958864977196,12.445264873756138,0.23260051224265782,2.0,2.0,0.4916119559634031,0.004864351134459159,14.674000619578761,2.0
33.0,200.0,0.22842651225075272,0.0007800630466974212,0.59,105.41199006014881,12.46217906663098,0.23260051224265782,2.0,2.0,1.0034555969553707,0.002993258891237289,38.30176365969885,2.0
33.0,210.0,0.17698291859026583,-0.00514435936604869,0.59,107.58627650883767,12.478603631900135,0.23260051224265782,2.0,2.0,1.0034555969553707,0.002993258891237289,44.049143476355475,2.0
33.0,220.0,-1.4314803796918447,-0.16084632982821107,0.0,108.95801087747216,10.896900497467115,0.23260051224265782,1.0,1.0,0.4916119559634031,0.004864351134459159,41.321741835584156,2.0
33.0,230.0,-1.1084687985452106,0.03230115811466341,0.0,108.95801087747216,10.91225300379326,0.23260051224265782,1.0,3.0,0.4916119559634031,0.004864351134459159,13.621308261988395,2.0
33.0,240.0,-0.2843793429913646,0.08240894555538461,0.32,101.70267263374217,10.927025119507213,0.23260051224265782,2.0,3.0,0.4916119559634031,0.004864351134459159,3.2867424172984157,2.0
33.0,250.0,0.09069778571517162,0.03750771287065362,0.5,100.93040296353085,10.941188725047105,0.23260051224265782,2.0,3.0,0.4916119559634031,0.004864351134459159,2.6400974823356314,2.0
33.0,260.0,0.1385500062672662,0.004785222055209459,0.54,102.20236954699,10.9547168591848,0.23260051224265782,2.0,2.0,0.4916119559634031,0.004864351134459159,1.9436976737637806,2.0
33.0,270.0,0.09418567507823994,-0.004436433118902627,0.52,103.31911592599536,10.967583770348071,0.23260051224265782,2.0,2.0,0.4916119559634031,0.004864351134459159,1.3331883158947935,2.0
33.0,280.0,0.03250501031503461,-0.006168066476320533,0.5,104.02713611063164,10.979764965640214,0.23260051224265782,2.0,2.0,0.4916119559634031,0.004864351134459159,1.005697000395237,2.0
33.0,290.0,0.008316547584136913,-0.0024188462730897697,0.5,104.49373684053458,10.99123725746366,0.23260051224265782,2.0,2.0,0.4916119559634031,0.004864351134459159,0.8175759643966263,2.0
33.0,300.0,0.06081011826050542,0.005249357067636851,0.52,104.90830466249959,11.001978807658865,0.23260051224265782,2.0,2.0,0.439863329019887,0.004661669837190028,0.928676337541134,2.0
34.0,0.0,-3.81757430491918,0.0,0.0,0.0,12.40788633425473,0.12204944368025548,0.0,2.0,0.5174862694351612,0.004053625945382633,185.3683557974896,0.0
34.0,10.0,-3.3376745937358834,0.04798997111832968,0.0,0.0,12.486025945833088,0.12204944368025548,0.0,3.0,0.5174862694351612,0.004053625945382633,110.20673619389231,0.0
34.0,20.0,-1.698898919166652,0.16387756745692314,0.0,0.0,13.545897570159013,0.12204944368025548,1.0,3.0,0.5174862694351612,0.004053625945382633,54.496797224865695,0.0
34.0,30.0,-1.1906899939770454,0.050820892518960645,0.0,0.0,13.624225192669677,0.12204944368025548,1.0,3.0,0.439863329019887,0.004661669837190028,24.43249057819507,0.0
34.0,40.0,-0.6468041434191321,0.05438858505579134,0.0,0.0,13.702423187558963,0.12204944368025548,1.0,3.0,0.9987926843504558,0.041682063409088574,13.979804873487332,0.0
34.0,50.0,-0.11222432686482975,0.05345798165543023,0.0,0.0,13.78034270049912,0.12204944368025548,2.0,3.0,0.9987926843504558,0.041682063409088574,13.897127696303752,0.0
34.0,60.0,0.3651775300776734,0.047740185694250314,0.25,1.212251946777812,13.857835407268603,0.12204944368025548,2.0,3.0,0.9987926843504558,0.041682063409088574,17.54194392025428,0.0
34.0,70.0,0.7000813846118419,0.03349038545341685,0.41000000000000003,6.759417988840642,13.934753796095677,0.12204944368025548,2.0,3.0,0.9987926843504558,0.041682063409088574,21.69207993969876,0.0
34.0,80.0,0.8110802938949817,0.011099890928313982,0.47000000000000003,14.199557680049182,14.010951448455465,0.12204944368025548,3.0,2.0,0.9987926843504558,0.041682063409088574,21.45720618181036,0.0
34.0,90.0,0.7727470567782291,-0.0038333237116752626,0.51,22.223017689880557,14.086283317785899,0.12204944368025548,3.0,2.0,0.9987926843504558,0.041682063409088574,18.70642174918857,0.0
34.0,100.0,0.6449592889277227,-0.012778776785050638,0.46,29.64764881015893,14.160606005592129,0.12204944368025548,2.0,2.0,0.9987926843504558,0.041682063409088574,15.833920670948514,0.0
34.0,110.0,0.5538768964376963,-0.009108239249002637,0.45,35.8336229612619,14.233778034413689,0.12204944368025548,2.0,2.0,0.9987926843504558,0.041682063409088574,14.25895359127991,0.0
34.0,120.0,0.573518235731246,0.001964133929354972,0.45,41.62247877342939,14.305660117134892,0.12204944368025548,2.0,2.0,0.9987926843504558,0.041682063409088574,13.642238539896892,0.0
34.0,130.0,0.525047826949443,-0.004847040878180308,0.47000000000000003,46.98143367519108,14.376115422125771,0.12204944368025548,2.0,2.0,0.9987926843504558,0.041682063409088574,13.18813312080875,0.0
34.0,140.0,0.47497501626278904,-0.0050072810686653925,0.48,52.32186462827042,14.445009833708852,0.12204944368025548,2.0,2.0,0.4916119559634031,0.004864351134459159,12.40619923861195,0.0
34.0,150.0,0.4561954741001166,-0.0018779542162672413,0.46,56.87971162362482,14.512212207455988,0.12204944368025548,2.0,2.0,0.4916119559634031,0.004864351134459159,11.35191783285931,0.0
34.0,160.0,0.3455432818619535,-0.011065219223816314,0.44,60.97223202019893,14.57759461982922,0.12204944368025548,2.0,2.0,0.4916119559634031,0.004864351134459159,10.585171239508014,0.0
34.0,170.0,0.384730113262723,0.003918683140076951,0.45,64.7226286691881,14.641032611690491,0.12204944368025548,2.0,2.0,0.4916119559634031,0.004864351134459159,9.851446295996535,0.0
34.0,180.0,0.378323095155249,-0.0006407018107474016,0.47000000000000003,68.42615800532215,14.702405425216725,0.12204944368025548,2.0,2.0,0.4916119559634031,0.004864351134459159,8.968238293014215,0.0
34.0,190.0,0.36443833285198224,-0.001388476230326674,0.49,72.15470987129562,14.761596233769176,0.12204944368025548,2.0,2.0,0.4916119559634031,0.004864351134459159,7.836699162275565,0.0
34.0,200.0,0.2998302482181714,-0.0064608084633810845,0.45,75.34439539123298,14.818492364279564,0.12204944368025548,2.0,2.0,0.4916119559634031,0.004864351134459159,7.175416611224876,0.0
34.0,210.0,0.3446584890190465,0.004482824080087511,0.48,78.51871792812516,14.872985511729702,0.12204944368025548,2.0,2.0,0.4916119559634031,0.004864351134459159,6.143900854273577,0.0
34.0,220.0,0.24326343624142766,-0.010139505277761885,0.47000000000000003,81.33404208928755,14.924971945316237,0.12204944368025548,2.0,2.0,0.4916119559634031,0.004864351134459159,5.456162589696831,0.0
34.0,230.0,0.2173537181608154,-0.0025909718080612265,0.45,83.6794498667201,14.974352705908117,0.12204944368025548,2.0,2.0,0.4916119559634031,0.004864351134459159,5.085758516713223,0.0
34.0,240.0,0.23711003864702107,0.0019756320486205682,0.47000000000000003,85.87649161636494,15.021033794420944,0.12204944368025548,2.0,2.0,0.4916119559634031,0.004864351134459159,4.701510393364473,0.0
34.0,250.0,0.21827670425674128,-0.0018833334390279787,0.48,88.29817868337696,15.064926350749545,0.12204944368025548,2.0,2.0,0.4916119559634031,0.004864351134459159,3.9473952813200874,0.0
34.0,260.0,0.16966423067603742,-0.004861247358070387,0.47000000000000003,90.40233895001177,15.105946822918256,0.12204944368025548,2.0,2.0,0.4916119559634031,0.004864351134459159,3.427854137127824,0.0
34.0,270.0,0.19336922854370542,0.0023704997867668,0.45,91.96884465633366,15.144017126126862,0.12204944368025548,2.0,2.0,0.4916119559634031,0.004864351134459159,3.4355013099795406,0.0
34.0,280.0,0.1698093984946567,-0.0023559830049048715,0.48,93.8238045161291,15.179064791389429,0.12204944368025548,2.0,2.0,0.4916119559634031,0.004864351134459159,2.8841773396833115,0.0
34.0,290.0,0.11927752725069851,-0.005053187124395819,0.44,95.52277643989217,15.211023103483143,0.12204944368025548,2.0,2.0,0.4916119559634031,0.004864351134459159,2.5700303192283545,0.0
34.0,300.0,0.13437190627762519,0.0015094379026926673,0.48,97.13948286609286,15.23983122794455,0.12204944368025548,2.0,2.0,0.4916119559634031,0.004864351134459159,2.1906174634961046,0.0
34.0,0.0,-3.841976048433164,0.0,0.0,0.0,12.40788633425473,0.12204944368025548,0.0,2.0,0.5174862694351612,0.004053625945382633,185.50256494141553,1.0
34.0,10.0,-3.3401844471626205,0.05017916012705435,0.0,0.0,12.486025945833088,0.12204944368025548,0.0,3.0,0.5174862694351612,0.004053625945382633,110.22054034192749,1.0
34.0,20.0,-1.7416417285078651,0.15985427186547554,0.0,0.0,13.545897570159013,0.12204944368025548,1.0,3.0,0.5174862694351612,0.004053625945382633,54.73187113902152,1.0
34.0,30.0,-1.175681712745373,0.05659600157624922,0.0,0.0,13.624225192669677,0.12204944368025548,1.0,3.0,0.439863329019887,0.004661669837190028,24.350185406312967,1.0
34.0,40.0,-0.6810650461183698,0.04946166666270031,0.0,0.0,13.702423187558963,0.12204944368025548,1.0,3.0,0.9987926843504558,0.041682063409088574,14.131961430926642,1.0
34.0,50.0,-0.12370933490819525,0.05573557112101746,0.0,0.0,13.78034270049912,0.12204944368025548,2.0,3.0,0.9987926843504558,0.041682063409088574,13.902544526941659,1.0
34.0,60.0,0.34997790076581126,0.04736872356740065,0.32,1.0827103444811392,13.857835407268603,0.12204944368025548,2.0,3.0,0.9987926843504558,0.041682063409088574,13.818635007010242,1.0
34.0,70.0,0.6049734879918951,0.025499558722608385,0.8200000000000001,6.077925968585067,13.934753796095677,0.12204944368025548,2.0,3.0,0.9987926843504558,0.041682063409088574,10.803913682535782,1.0
34.0,80.0,0.31962321663278814,-0.028535027135910697,0.84,11.325713297971646,14.010951448455465,0.12204944368025548,2.0,1.0,0.9987926843504558,0.041682063409088574,6.515279055273783,1.0
34.0,90.0,-0.1667231074289326,-0.04863463240617207,0.4,12.305929043992212,14.086283317785899,0.12204944368025548,2.0,1.0,0.9987926843504558,0.041682063409088574,6.465419346922697,1.0
34.0,100.0,-0.2786669432440263,-0.01119438358150937,0.0,9.757306179640675,14.160606005592129,0.12204944368025548,2.0,2.0,0.9987926843504558,0.041682063409088574,5.481099284922381,1.0
34.0,110.0,-0.003880249623673393,0.02747866936203529,0.28,7.989514171852441,14.233778034413689,0.12204944368025548,2.0,3.0,0.9987926843504558,0.041682063409088574,4.104911258533675,1.0
34.0,120.0,0.15253576401609692,0.01564160136397703,0.54,9.189719947791716,14.305660117134892,0.12204944368025548,2.0,2.0,0.9987926843504558,0.041682063409088574,3.7021064479988404,1.0
34.0,130.0,0.11251475726614046,-0.004002100674995646,0.61,10.896347240951794,14.376115422125771,0.12204944368025548,2.0,2.0,0.9987926843504558,0.041682063409088574,2.323363981742636,1.0
34.0,140.0,-0.03837579768548949,-0.015089055495162994,0.5,11.679826195637283,14.445009833708852,0.12204944368025548,2.0,2.0,0.9987926843504558,0.041682063409088574,2.96427367242535,1.0
34.0,150.0,-0.06921389147143131,-0.0030838093785941823,0.4,10.940798459225817,14.512212207455988,0.12204944368025548,2.0,2.0,0.9987926843504558,0.041682063409088574,2.3860016950128538,1.0
34.0,160.0,-0.058670605935272846,0.0010543285536158465,0.35000000000000003,10.112657464963593,14.57759461982922,0.12204944368025548,2.0,2.0,0.9987926843504558,0.041682063409088574,1.7413607348257063,1.0
34.0,170.0,0.07815647430807005,0.01368270802433429,0.51,10.294109675419197,14.641032611690491,0.12204944368025548,2.0,2.0,0.9987926843504558,0.041682063409088574,1.363799328260117,1.0
34.0,180.0,0.020472445431931163,-0.005768402887613888,0.47000000000000003,11.020404840866743,14.702405425216725,0.12204944368025548,2.0,2.0,0.9987926843504558,0.041682063409088574,0.7977339356454172,1.0
34.0,190.0,-0.03217297935531249,-0.005264542478724365,0.43,11.021649879734806,14.761596233769176,0.12204944368025548,2.0,2.0,0.9987926843504558,0.041682063409088574,0.82907558461996,1.0
34.0,200.0,-0.04861475741051535,-0.001644177805520286,0.38,10.475639099423407,14.818492364279564,0.12204944368025548,2.0,2.0,0.9987926843504558,0.041682063409088574,1.3923353250532926,1.0
34.0,210.0,0.043371657372286876,0.009198641478280223,0.51,10.777212429209033,14.872985511729702,0.12204944368025548,2.0,2.0,0.9987926843504558,0.041682063409088574,1.2466531429875651,1.0
34.0,220.0,0.05638873357244378,0.0013017076200156907,0.49,11.197150457198294,14.924971945316237,0.12204944368025548,2.0,2.0,0.9987926843504558,0.041682063409088574,1.0200942949611251,1.0
34.0,230.0,-0.012667659928823127,-0.006905639350126691,0.45,11.209072651118127,14.974352705908117,0.12204944368025548,2.0,2.0,0.9987926843504558,0.041682063409088574,0.8048646930481421,1.0
34.0,240.0,-0.0070622333866445786,0.0005605426542178548,0.45,10.916455317042914,15.021033794420944,0.12204944368025548,2.0,2.0,0.9987926843504558,0.041682063409088574,0.5317489904230206,1.0
34.0,250.0,0.016216274649099915,0.0023278508035744494,0.48,10.972191339640826,15.064926350749545,0.12204944368025548,2.0,2.0,0.9987926843504558,0.041682063409088574,0.5035617863384338,1.0
34.0,260.0,0.02198075842299474,0.0005764483773894824,0.48,11.138079420346152,15.105946822918256,0.12204944368025548,2.0,2.0,0.9987926843504558,0.041682063409088574,0.46071897444513643,1.0
34.0,270.0,-0.01978810757778504,-0.004176886600077978,0.44,10.97011569626666,15.144017126126862,0.12204944368025548,2.0,2.0,0.9987926843504558,0.041682063409088574,0.6457766075896637,1.0
34.0,280.0,0.05826399479810718,0.007805210237589222,0.51,11.144241461638284,15.179064791389429,0.12204944368025548,2.0,2.0,0.9987926843504558,0.041682063409088574,0.9721307188493558,1.0
34.0,290.0,0.003227578427836164,-0.005503641637027101,0.49,11.64733645479776,15.211023103483143,0.12204944368025548,2.0,2.0,0.9987926843504558,0.041682063409088574,1.6523019775798156,1.0
34.0,300.0,-0.04494670217476937,-0.004817428060260554,0.43,11.24144779488217,15.23983122794455,0.12204944368025548,2.0,2.0,0.9987926843504558,0.041682063409088574,1.3726270162701009,1.0
34.0,0.0,-3.834074356321615,0.0,0.0,0.0,12.40788633425473,0.12204944368025548,0.0,2.0,0.5174862694351612,0.004053625945382633,185.4591057790302,2.0
34.0,10.0,-3.342368155353462,0.0491706200968153,0.0,0.0,12.486025945833088,0.12204944368025548,0.0,3.0,0.5174862694351612,0.004053625945382633,110.23255069711809,2.0
34.0,20.0,-1.7172750027038397,0.16250931526496223,0.0,0.0,13.545897570159013,0.12204944368025548,1.0,3.0,0.5174862694351612,0.004053625945382633,54.59786072421258,2.0
34.0,30.0,-1.1534533568076561,0.05638216458961835,0.0,0.0,13.624225192669677,0.12204944368025548,1.0,3.0,0.439863329019887,0.004661669837190028,24.22828546135137,2.0
34.0,40.0,-0.6478191508044411,0.050563420600321506,0.0,0.0,13.702423187558963,0.12204944368025548,1.0,3.0,0.9987926843504558,0.041682063409088574,13.983998611918281,2.0
34.0,50.0,-0.1365729608477153,0.051124618995672576,0.0,0.0,13.78034270049912,0.12204944368025548,2.0,3.0,0.9987926843504558,0.041682063409088574,13.908779579344209,2.0
34.0,60.0,0.3391368510198767,0.0475709811867592,0.0,1.0656115082532303,13.857835407268603,0.12204944368025548,2.0,3.0,0.9987926843504558,0.041682063409088574,19.475507578510303,2.0
34.0,70.0,0.7478958370532176,0.04087589860333409,0.36,6.56145314426368,13.934753796095677,0.12204944368025548,2.0,3.0,0.9987926843504558,0.041682063409088574,26.63765134984463,2.0
34.0,80.0,0.8765940619082073,0.012869822485498972,0.46,15.042538509201112,14.010951448455465,0.12204944368025548,3.0,2.0,0.9987926843504558,0.041682063409088574,25.157091579442802,2.0
34.0,90.0,0.8582362336063163,-0.0018357828301891032,0.49,23.681504322854643,14.086283317785899,0.12204944368025548,3.0,2.0,0.9987926843504558,0.041682063409088574,22.184967167335543,2.0
34.0,100.0,0.790335504972763,-0.006790072863355335,0.51,31.98204585216943,14.160606005592129,0.12204944368025548,3.0,2.0,0.9987926843504558,0.041682063409088574,18.886080151172752,2.0
34.0,110.0,0.6751719319771219,-0.011516357299564106,0.48,39.27252837929453,14.233778034413689,0.12204944368025548,2.0,2.0,0.9987926843504558,0.041682063409088574,16.10140639165696,2.0
34.0,120.0,0.5831869390405124,-0.009198499293660945,0.48,45.86906867941926,14.305660117134892,0.12204944368025548,2.0,2.0,0.9987926843504558,0.041682063409088574,14.153847061823159,2.0
34.0,130.0,0.4906232184807706,-0.009256372055974182,0.48,51.48198328281519,14.376115422125771,0.12204944368025548,2.0,2.0,0.9987926843504558,0.041682063409088574,13.159400517134793,2.0
34.0,140.0,0.45148639643599253,-0.003913682204477809,0.47000000000000003,55.99038324458381,14.445009833708852,0.12204944368025548,2.0,2.0,0.4916119559634031,0.004864351134459159,12.305608940189485,2.0
34.0,150.0,0.4356115513459926,-0.0015874845089999922,0.49,60.584310543304085,14.512212207455988,0.12204944368025548,2.0,2.0,0.4916119559634031,0.004864351134459159,10.928142241808567,2.0
34.0,160.0,0.4177904052368717,-0.001782114610912089,0.5,64.86467223438547,14.57759461982922,0.12204944368025548,2.0,2.0,0.4916119559634031,0.004864351134459159,9.517970353488806,2.0
34.0,170.0,0.3656009208340052,-0.005218948440286653,0.48,68.57054688024688,14.641032611690491,0.12204944368025548,2.0,2.0,0.4916119559634031,0.004864351134459159,8.367248481577954,2.0
34.0,180.0,0.25366851280356073,-0.011193240803044447,0.45,71.78467536297961,14.702405425216725,0.12204944368025548,2.0,2.0,0.4916119559634031,0.004864351134459159,7.54003263293411,2.0
34.0,190.0,0.26145465992377126,0.000778614712021053,0.45,74.37384626434246,14.761596233769176,0.12204944368025548,2.0,2.0,0.4916119559634031,0.004864351134459159,6.968154788454859,2.0
34.0,200.0,0.2575046690972762,-0.00039499908264950534,0.48,77.03349000258379,14.818492364279564,0.12204944368025548,2.0,2.0,0.4916119559634031,0.004864351134459159,6.194910798100131,2.0
34.0,210.0,0.23008314241981154,-0.002742152667746467,0.47000000000000003,79.46768284932051,14.872985511729702,0.12204944368025548,2.0,2.0,0.4916119559634031,0.004864351134459159,5.425352917440221,2.0
34.0,220.0,0.2417252402582406,0.0011642097838429066,0.48,81.65804429710155,14.924971945316237,0.12204944368025548,2.0,2.0,0.4916119559634031,0.004864351134459159,4.751589965408259,2.0
34.0,230.0,0.13539950993683192,-0.01063257303214087,0.45,83.60489632631467,14.974352705908117,0.12204944368025548,2.0,2.0,0.4916119559634031,0.004864351134459159,4.300620933727272,2.0
34.0,240.0,0.189682897046918,0.005428338711008607,0.46,84.9790516199381,15.021033794420944,0.12204944368025548,2.0,2.0,0.4916119559634031,0.004864351134459159,4.087728113076103,2.0
34.0,250.0,0.1326091033999539,-0.005707379364696408,0.47000000000000003,86.70021493098446,15.064926350749545,0.12204944368025548,2.0,2.0,0.4916119559634031,0.004864351134459159,3.599251879322866,2.0
34.0,260.0,0.1351643358997947,0.00025552324998407984,0.45,87.90713984512554,15.105946822918256,0.12204944368025548,2.0,2.0,0.4916119559634031,0.004864351134459159,3.3882084806584456,2.0
34.0,270.0,0.13454373390369057,-6.20601996104142e-05,0.46,89.00926347847245,15.144017126126862,0.12204944368025548,2.0,2.0,0.4916119559634031,0.004864351134459159,3.2577479641501452,2.0
34.0,280.0,0.13546943902126785,9.257051175772801e-05,0.48,90.36349285511527,15.179064791389429,0.12204944368025548,2.0,2.0,0.4916119559634031,0.004864351134459159,2.746501085576103,2.0
34.0,290.0,0.13097930367886335,-0.00044901353424045,0.51,91.88017551912462,15.211023103483143,0.12204944368025548,2.0,2.0,0.4916119559634031,0.004864351134459159,2.0054796378945445,2.0
34.0,300.0,0.10230996101579493,-0.002866934266306842,0.47000000000000003,92.9507729940133,15.23983122794455,0.12204944368025548,2.0,2.0,0.4916119559634031,0.004864351134459159,1.615066229122304,2.0
35.0,0.0,1.587933554068048,0.0,0.0,0.0,9.647392950190017,0.15607669961331733,3.0,2.0,0.6974631421709608,0.006416434008265846,93.50171195419063,0.0
35.0,10.0,1.899717999121279,0.0311784445053231,0.75,11.653632034641781,9.671093612329521,0.15607669961331733,3.0,3.0,0.5174862694351612,0.004053625945382633,59.04170546758673,0.0
35.0,20.0,1.564788471093788,-0.03349295280274909,0.91,20.27311640863229,9.694172331171153,0.15607669961331733,3.0,1.0,0.439863329019887,0.004661669837190028,24.580057444141843,0.0
35.0,30.0,0.5956662134919526,-0.09691222576018355,0.5,31.836259133922187,9.716585175061887,0.15607669961331733,2.0,1.0,0.5174862694351612,0.004053625945382633,8.430771404651773,0.0
35.0,40.0,-0.22527897153417697,-0.08209451850261296,0.0,33.51185359227531,9.73828947987952,0.15607669961331733,2.0,1.0,0.6974631421709608,0.006416434008265846,10.241800664454415,0.0
35.0,50.0,-0.30965160336241127,-0.008437263182823429,0.0,33.286574620741135,9.759243930246235,0.15607669961331733,2.0,2.0,0.6974631421709608,0.006416434008265846,9.973595476997916,0.0
35.0,60.0,0.09298963027642415,0.04026412336388354,0.25,32.72532202319752,9.779408638174793,0.15607669961331733,2.0,3.0,0.6974631421709608,0.006416434008265846,9.798309466638118,0.0
35.0,70.0,0.5066065321631399,0.04136169018867157,0.39,35.83771421476658,9.798745218997553,0.15607669961331733,2.0,3.0,0.5433605829069192,0.004458988539920897,11.812186854179881,0.0
35.0,80.0,0.5523734483793596,0.004576691621621975,0.45,41.2514205454618,9.81721686443391,0.15607669961331733,2.0,2.0,0.5433605829069192,0.004458988539920897,6.521135542795866,0.0
35.0,90.0,0.33331069757584686,-0.021906275080351277,0.36,45.81507208524661,9.834788412656913,0.15607669961331733,2.0,2.0,0.4916119559634031,0.004864351134459159,2.471380573779159,0.0
35.0,100.0,0.11283140643091016,-0.02204792911449367,0.25,47.991376173733066,9.85142641522581,0.15607669961331733,2.0,2.0,0.6974631421709608,0.006416434008265846,1.8936535024909211,0.0
35.0,110.0,0.042289132897657566,-0.007054227353325259,0.25,48.65143492211406,9.867099200757082,0.15607669961331733,2.0,2.0,0.6974631421709608,0.006416434008265846,1.8598064259182512,0.0
35.0,120.0,0.07686977587267307,0.0034580642975015506,0.25,49.28457264855005,9.881776935212685,0.15607669961331733,2.0,2.0,0.6974631421709608,0.006416434008265846,3.469487809109743,0.0
35.0,130.0,0.2045497721056755,0.012767999623300242,0.3,50.4602874803431,9.89543167869084,0.15607669961331733,2.0,2.0,0.4916119559634031,0.004864351134459159,4.615746303252007,0.0
35.0,140.0,0.18052497154134883,-0.002402480056432665,0.3,52.51718479709731,9.908037438611274,0.15607669961331733,2.0,2.0,0.4916119559634031,0.004864351134459159,3.591367124410226,0.0
35.0,150.0,0.1522159252399149,-0.0028309046301433936,0.32,54.366642313502226,9.919570219193496,0.15607669961331733,2.0,2.0,0.4916119559634031,0.004864351134459159,2.7384449313501578,0.0
35.0,160.0,0.1424583506842403,-0.0009757574555674609,0.31,56.00166898743355,9.930008067134196,0.15607669961331733,2.0,2.0,0.4916119559634031,0.004864351134459159,2.089021806830659,0.0
35.0,170.0,0.1096124540186878,-0.0032845896665552486,0.28,57.27412058036874,9.93933111339657,0.15607669961331733,2.0,2.0,0.4916119559634031,0.004864351134459159,1.8182618611687467,0.0
35.0,180.0,0.09762711777280586,-0.001198533624588194,0.27,58.19226518753986,9.947521611032165,0.15607669961331733,2.0,2.0,0.4916119559634031,0.004864351134459159,2.0335831365744483,0.0
35.0,190.0,0.11917484020595026,0.00215477224331444,0.3,59.088165985050665,9.954563968963221,0.15607669961331733,2.0,2.0,0.4916119559634031,0.004864351134459159,2.2414859418472344,0.0
35.0,200.0,0.13595217308187202,0.0016777332875921758,0.31,60.32574903947021,9.960444781661145,0.15607669961331733,2.0,2.0,0.5433605829069192,0.004458988539920897,1.9463855482536068,0.0
35.0,210.0,0.08253066134650666,-0.005342151173536536,0.31,61.62207663109734,9.965152854664737,0.15607669961331733,2.0,2.0,0.5433605829069192,0.004458988539920897,1.2248229349944544,0.0
35.0,220.0,0.046974148645546165,-0.0035556512700960496,0.29,62.36178846864925,9.968679225889431,0.15607669961331733,2.0,2.0,0.439863329019887,0.004661669837190028,1.1728596018438011,0.0
35.0,230.0,0.044368651406855975,-0.0002605497238690191,0.26,62.62736142337497,9.971017182687191,0.15607669961331733,2.0,2.0,0.439863329019887,0.004661669837190028,1.788039953792842,0.0
35.0,240.0,0.121606729548283,0.007723807814142702,0.32,63.33563308002145,9.972162274624353,0.15607669961331733,2.0,2.0,0.5433605829069192,0.004458988539920897,1.9987135598132018,0.0
35.0,250.0,0.12666600015466756,0.0005059270606384558,0.31,64.43017234947007,9.972112321953347,0.15607669961331733,2.0,2.0,0.5433605829069192,0.004458988539920897,1.6707349808376675,0.0
35.0,260.0,0.044732372614948446,-0.008193362753971912,0.29,65.24565389695846,9.970867419761916,0.15607669961331733,2.0,2.0,0.5433605829069192,0.004458988539920897,0.978647945844912,0.0
35.0,270.0,0.013265260681954771,-0.0031467111932993674,0.27,65.56336128018135,9.96842993779213,0.15607669961331733,2.0,2.0,0.5433605829069192,0.004458988539920897,0.9855323310579653,0.0
35.0,280.0,0.05491955324368547,0.00416542925617307,0.29,65.85920295016753,9.964804515929472,0.15607669961331733,2.0,2.0,0.5433605829069192,0.004458988539920897,1.3982144579766356,0.0
35.0,290.0,0.04977623548624166,-0.0005143317757443811,0.3,66.34771303307303,9.959998055370498,0.15607669961331733,2.0,2.0,0.5433605829069192,0.004458988539920897,1.462270584766951,0.0
35.0,300.0,0.045193435626671885,-0.0004582799859569775,0.31,66.88158241100959,9.954019705486068,0.15607669961331733,2.0,2.0,0.5433605829069192,0.004458988539920897,1.4430242776152111,0.0
35.0,0.0,1.5773418941410675,0.0,0.0,0.0,9.647392950190017,0.15607669961331733,3.0,2.0,0.6974631421709608,0.006416434008265846,93.44875382026521,1.0
35.0,10.0,1.8998482104152075,0.032250631627414,0.75,0.0,9.671093612329521,0.15607669961331733,3.0,3.0,0.5433605829069192,0.004458988539920897,58.99778932118278,1.0
35.0,20.0,1.5888911898576836,-0.031095702055752385,1.0,0.0,9.694172331171153,0.15607669961331733,3.0,1.0,0.439863329019887,0.004661669837190028,25.785894708435485,1.0
35.0,30.0,0.5241880182508893,-0.10647031716067942,0.64,8.388473526481654,9.716585175061887,0.15607669961331733,2.0,1.0,0.439863329019887,0.004661669837190028,14.11010217143,1.0
35.0,40.0,-0.48926593162797616,-0.10134539498788656,0.0,9.753081541060254,9.73828947987952,0.15607669961331733,1.0,1.0,0.5174862694351612,0.004053625945382633,15.982188558882928,1.0
35.0,50.0,-0.6028006552058542,-0.011353472357787808,0.0,9.753081541060254,9.759243930246235,0.15607669961331733,1.0,2.0,0.6974631421709608,0.006416434008265846,15.053875291376908,1.0
35.0,60.0,-0.12127019712193388,0.04815304580839204,0.0,9.753081541060254,9.779408638174793,0.15607669961331733,2.0,3.0,0.6974631421709608,0.006416434008265846,17.21229349932059,1.0
35.0,70.0,0.42221938517345947,0.054348958229539335,0.33,11.119197037391551,9.798745218997553,0.15607669961331733,2.0,3.0,0.6974631421709608,0.006416434008265846,17.525017596671375,1.0
35.0,80.0,0.7282194376044089,0.03060000524309494,0.6,17.025226072759168,9.81721686443391,0.15607669961331733,2.0,3.0,0.6974631421709608,0.006416434008265846,11.333533122230516,1.0
35.0,90.0,0.4007439768006371,-0.03274754608037718,0.48,23.236977890021027,9.834788412656913,0.15607669961331733,2.0,1.0,0.4916119559634031,0.004864351134459159,4.588942075936599,1.0
35.0,100.0,-0.017734898600458848,-0.041847887540109596,0.25,25.426248304456205,9.85142641522581,0.15607669961331733,2.0,1.0,0.6974631421709608,0.006416434008265846,7.232121958101514,1.0
35.0,110.0,-0.16269464976302217,-0.014495975116256332,0.0,24.2210307402722,9.867099200757082,0.15607669961331733,2.0,2.0,0.6974631421709608,0.006416434008265846,10.132937939279913,1.0
35.0,120.0,0.27244832475542324,0.04351429745184454,0.3,24.33578555870201,9.881776935212685,0.15607669961331733,2.0,3.0,0.6974631421709608,0.006416434008265846,9.6291365962465,1.0
35.0,130.0,0.4605893550389055,0.01881410302834823,0.5,28.077846426342003,9.89543167869084,0.15607669961331733,2.0,2.0,0.6974631421709608,0.006416434008265846,7.020347032577301,1.0
35.0,140.0,0.34092686429677954,-0.011966249074212598,0.45,32.30456497227135,9.908037438611274,0.15607669961331733,2.0,2.0,0.439863329019887,0.004661669837190028,2.4179116584378866,1.0
35.0,150.0,0.015337420142238045,-0.03255894441545415,0.26,34.107405355848286,9.919570219193496,0.15607669961331733,2.0,1.0,0.6974631421709608,0.006416434008265846,4.4501234373607605,1.0
35.0,160.0,-0.105122825617471,-0.012046024575970904,0.0,33.32220223614242,9.930008067134196,0.15607669961331733,2.0,2.0,0.6974631421709608,0.006416434008265846,3.593598234679969,1.0
35.0,170.0,-0.011737167224239897,0.00933856583932311,0.25,32.606027296434235,9.93933111339657,0.15607669961331733,2.0,2.0,0.6974631421709608,0.006416434008265846,4.204937567224075,1.0
35.0,180.0,0.05944136597890903,0.007117853320314893,0.28,33.02386253599079,9.947521611032165,0.15607669961331733,2.0,2.0,0.6974631421709608,0.006416434008265846,4.685523463000089,1.0
35.0,190.0,0.19532613232365392,0.013588476634474489,0.37,34.41573858739763,9.954563968963221,0.15607669961331733,2.0,2.0,0.6974631421709608,0.006416434008265846,3.2772629534768503,1.0
35.0,200.0,0.16195091962204344,-0.003337521270161048,0.36,36.43988606904966,9.960444781661145,0.15607669961331733,2.0,2.0,0.6974631421709608,0.006416434008265846,1.4603995356262327,1.0
35.0,210.0,0.06634094391497669,-0.009560997570706675,0.28,37.61454102051084,9.965152854664737,0.15607669961331733,2.0,2.0,0.6974631421709608,0.006416434008265846,1.1836986182334608,1.0
35.0,220.0,-0.02164723270674429,-0.008798817662172099,0.25,37.8524456369566,9.968679225889431,0.15607669961331733,2.0,2.0,0.6974631421709608,0.006416434008265846,2.1510044199840985,1.0
35.0,230.0,0.04180097736108834,0.006344821006783264,0.26,37.9192544933247,9.971017182687191,0.15607669961331733,2.0,2.0,0.6974631421709608,0.006416434008265846,2.7451476938547543,1.0
35.0,240.0,0.09804392305526832,0.005624294569417998,0.32,38.49663016932422,9.972162274624353,0.15607669961331733,2.0,2.0,0.6974631421709608,0.006416434008265846,2.43461680778522,1.0
35.0,250.0,0.08268567388359926,-0.0015358249171669059,0.32,39.42320550500192,9.972112321953347,0.15607669961331733,2.0,2.0,0.6974631421709608,0.006416434008265846,1.7281023550781653,1.0
35.0,260.0,0.0583460598546246,-0.0024339614028974664,0.29,40.175861074945644,9.970867419761916,0.15607669961331733,2.0,2.0,0.6974631421709608,0.006416434008265846,1.3673390536507952,1.0
35.0,270.0,0.054313873454418626,-0.0004032186400205973,0.3,40.783584478893914,9.96842993779213,0.15607669961331733,2.0,2.0,0.6974631421709608,0.006416434008265846,1.1241069008039117,1.0
35.0,280.0,0.008208500264967,-0.0046105373189451624,0.28,41.24329243181276,9.964804515929472,0.15607669961331733,2.0,2.0,0.6974631421709608,0.006416434008265846,1.2001235881288035,1.0
35.0,290.0,0.003068130024225013,-0.0005140370240741988,0.27,41.520168644685,9.959998055370498,0.15607669961331733,2.0,2.0,0.6974631421709608,0.006416434008265846,1.3003744499699037,1.0
35.0,300.0,0.05682598711305076,0.005375785708882574,0.31,41.79642368604483,9.954019705486068,0.15607669961331733,2.0,2.0,0.6974631421709608,0.006416434008265846,1.182833264986123,1.0
35.0,0.0,1.5771703948410973,0.0,0.0,0.0,9.647392950190017,0.15607669961331733,3.0,2.0,0.6974631421709608,0.006416434008265846,93.4478963264485,2.0
35.0,10.0,1.8871993529616375,0.03100289581205402,0.75,17.058305029703284,9.671093612329521,0.15607669961331733,3.0,3.0,0.5174862694351612,0.004053625945382633,59.064642812032304,2.0
35.0,20.0,1.5965802201002965,-0.0290619132861341,0.9,35.28997410709175,9.694172331171153,0.15607669961331733,3.0,1.0,0.439863329019887,0.004661669837190028,27.213554687175865,2.0
35.0,30.0,0.5980465667502131,-0.09985336533500835,0.53,47.024887618433446,9.716585175061887,0.15607669961331733,2.0,1.0,0.5174862694351612,0.004053625945382633,9.000158561098615,2.0
35.0,40.0,-0.18758978693795214,-0.07856363536881653,0.25,49.22501181199338,9.73828947987952,0.15607669961331733,2.0,1.0,0.5433605829069192,0.004458988539920897,10.35204476981804,2.0
35.0,50.0,-0.41948937192188396,-0.02318995849839318,0.0,45.625586415039834,9.759243930246235,0.15607669961331733,1.0,2.0,0.6974631421709608,0.006416434008265846,8.696368736677712,2.0
35.0,60.0,-0.06089467009267935,0.03585947018292046,0.25,42.62394560994918,9.779408638174793,0.15607669961331733,2.0,3.0,0.6974631421709608,0.006416434008265846,7.399986189185476,2.0
35.0,70.0,0.35443775789064347,0.04153324279833228,0.34,43.977327648287584,9.798745218997553,0.15607669961331733,2.0,3.0,0.5433605829069192,0.004458988539920897,9.63444786532206,2.0
35.0,80.0,0.4803955222639473,0.012595776437330387,0.45,48.44640648460131,9.81721686443391,0.15607669961331733,2.0,2.0,0.5174862694351612,0.004053625945382633,6.257591759647215,2.0
35.0,90.0,0.32887550369216356,-0.015152001857178377,0.38,52.62839486586725,9.834788412656913,0.15607669961331733,2.0,2.0,0.5174862694351612,0.004053625945382633,2.437309938566378,2.0
35.0,100.0,0.093517810729292,-0.023535769296287156,0.31,54.703567067853186,9.85142641522581,0.15607669961331733,2.0,2.0,0.439863329019887,0.004661669837190028,1.1553576232158502,2.0
35.0,110.0,-0.05701779228324355,-0.015053560301253554,0.25,54.89729157487782,9.867099200757082,0.15607669961331733,2.0,2.0,0.4916119559634031,0.004864351134459159,1.7879568066524005,2.0
35.0,120.0,0.0017256416084094894,0.005874343389165304,0.26,54.725736341840495,9.881776935212685,0.15607669961331733,2.0,2.0,0.4916119559634031,0.004864351134459159,2.0911363143697965,2.0
35.0,130.0,0.06039375227631183,0.005866811066790234,0.27,54.873246415621125,9.89543167869084,0.15607669961331733,2.0,2.0,0.4916119559634031,0.004864351134459159,2.7860620049637035,2.0
35.0,140.0,0.09670099983587832,0.003630724755956649,0.3,55.563545411003105,9.908037438611274,0.15607669961331733,2.0,2.0,0.4916119559634031,0.004864351134459159,2.690128867669431,2.0
35.0,150.0,0.08626547906302662,-0.0010435520772851703,0.3,56.657240505952984,9.919570219193496,0.15607669961331733,2.0,2.0,0.4916119559634031,0.004864351134459159,2.0408631049921184,2.0
35.0,160.0,0.11161102720161864,0.0025345548138592023,0.33,57.78670562925885,9.930008067134196,0.15607669961331733,2.0,2.0,0.4916119559634031,0.004864351134459159,1.413414527692765,2.0
35.0,170.0,0.07280317446979723,-0.0038807852731821413,0.3,58.6431291991519,9.93933111339657,0.15607669961331733,2.0,2.0,0.4916119559634031,0.004864351134459159,0.7331262700439992,2.0
35.0,180.0,0.027479942531563495,-0.004532323193823374,0.29,59.12290254014416,9.947521611032165,0.15607669961331733,2.0,2.0,0.4916119559634031,0.004864351134459159,0.5145770838554792,2.0
35.0,190.0,0.045389255441783405,0.001790931291021991,0.3,59.28067230123824,9.954563968963221,0.15607669961331733,2.0,2.0,0.4916119559634031,0.004864351134459159,0.8020739992242433,2.0
35.0,200.0,0.05656700364186662,0.0011177748200083214,0.28,59.435624567164126,9.960444781661145,0.15607669961331733,2.0,2.0,0.4916119559634031,0.004864351134459159,0.9313215487148633,2.0
35.0,210.0,0.06313797896337192,0.0006570975321505302,0.3,59.90727305998667,9.965152854664737,0.15607669961331733,2.0,2.0,0.4916119559634031,0.004864351134459159,0.9220308180683013,2.0
35.0,220.0,0.06524189161684646,0.0002103912653474538,0.31,60.52075626016084,9.968679225889431,0.15607669961331733,2.0,2.0,0.439863329019887,0.004661669837190028,0.6363737938689482,2.0
35.0,230.0,0.02855534750258215,-0.0036686544114264306,0.3,61.063012934794855,9.971017182687191,0.15607669961331733,2.0,2.0,0.439863329019887,0.004661669837190028,0.4130810786913894,2.0
35.0,240.0,-0.016406078401452362,-0.004496142590403452,0.29,61.22530504992294,9.972162274624353,0.15607669961331733,2.0,2.0,0.4916119559634031,0.004864351134459159,0.4263831984555112,2.0
35.0,250.0,0.015527181192759087,0.003193325959421145,0.3,61.22281185881698,9.972112321953347,0.15607669961331733,2.0,2.0,0.439863329019887,0.004661669837190028,0.33914105040240505,2.0
35.0,260.0,0.008612262880411947,-0.000691491831234714,0.29,61.27275273181374,9.970867419761916,0.15607669961331733,2.0,2.0,0.4916119559634031,0.004864351134459159,0.3322702244226027,2.0
35.0,270.0,-0.009690553349866349,-0.0018302816230278296,0.29,61.52446684603887,9.96842993779213,0.15607669961331733,2.0,2.0,0.4916119559634031,0.004864351134459159,0.34763489730230857,2.0
35.0,280.0,0.011933659292505894,0.0021624212642372244,0.28,61.524316729703585,9.964804515929472,0.15607669961331733,2.0,2.0,0.4916119559634031,0.004864351134459159,0.5963266918848709,2.0
35.0,290.0,0.012645199853810851,7.115405613049575e-05,0.28,61.66644574918088,9.959998055370498,0.15607669961331733,2.0,2.0,0.439863329019887,0.004661669837190028,0.6165115637598855,2.0
35.0,300.0,-0.012736108782384292,-0.0025381308636195144,0.29,61.66625617506802,9.954019705486068,0.15607669961331733,2.0,2.0,0.4916119559634031,0.004864351134459159,0.6028440083787104,2.0
36.0,0.0,0.8760549736486354,0.0,0.0,0.0,4.676545008943059,0.10834714021021531,3.0,2.0,0.7115985531816741,1.0412960115849913e-05,57.47035401589844,0.0
36.0,10.0,1.170408248866572,0.029435327521793654,0.6,10.03341401747251,4.695690218049798,0.10834714021021531,3.0,3.0,0.5433605829069192,0.004458988539920897,43.08487857266041,0.0
36.0,20.0,1.1742159279873796,0.00038076791208077056,0.74,22.49902166788828,4.714453248516637,0.10834714021021531,3.0,2.0,0.439863329019887,0.004661669837190028,25.103450489817334,0.0
36.0,30.0,0.6975295787359954,-0.04766863492513842,0.53,32.578878609350376,4.732798383848664,0.10834714021021531,2.0,1.0,0.7115985531816741,1.0412960115849913e-05,20.673273840754057,0.0
36.0,40.0,-0.09448610915253397,-0.07920156878885294,0.0,35.625088848460635,4.750690703038099,0.10834714021021531,2.0,1.0,0.5174862694351612,0.004053625945382633,25.061753669682837,0.0
36.0,50.0,-0.7415495328456281,-0.06470634236930942,0.0,35.32236143528216,4.768096147038438,0.10834714021021531,1.0,1.0,0.7115985531816741,1.0412960115849913e-05,20.07639825660403,0.0
36.0,60.0,-0.6766145841695135,0.00649349486761146,0.0,35.32236143528216,4.784981583597766,0.10834714021021531,1.0,2.0,0.439863329019887,0.004661669837190028,12.311496531664025,0.0
36.0,70.0,-0.31560996664673624,0.03610046175227773,0.0,35.32236143528216,4.801314870327879,0.10834714021021531,2.0,3.0,0.4916119559634031,0.004864351134459159,12.53020599343225,0.0
36.0,80.0,0.127708336550878,0.04433183031976142,0.25,34.61413481844531,4.817064915889173,0.10834714021021531,2.0,3.0,0.5433605829069192,0.004458988539920897,16.81922722634692,0.0
36.0,90.0,0.48014846117690624,0.03524401246260282,0.41000000000000003,37.75613333797328,4.832201739174739,0.10834714021021531,2.0,3.0,0.5433605829069192,0.004458988539920897,14.622179828589214,0.0
36.0,100.0,0.6109407753870961,0.013079231421018989,0.51,43.45752447726909,4.8466965263811375,0.10834714021021531,2.0,2.0,0.7115985531816741,1.0412960115849913e-05,8.990244538491744,0.0
36.0,110.0,0.408889785770878,-0.020205098961621815,0.44,49.03355866071635,4.8605216858570905,0.10834714021021531,2.0,2.0,0.439863329019887,0.004661669837190028,6.774449721454661,0.0
36.0,120.0,-0.04051360020809369,-0.044940338597897166,0.25,51.25759137277756,4.873650900625762,0.10834714021021531,2.0,1.0,0.439863329019887,0.004661669837190028,13.578290129234391,0.0
36.0,130.0,-0.29823343915506584,-0.025771983894697214,0.0,49.36001026555596,4.886059178480629,0.44739260822091326,2.0,1.0,0.4916119559634031,0.004864351134459159,38.67577968544255,0.0
36.0,140.0,0.1612400521997266,0.045947349135479244,0.25,47.86319195302464,4.89772289955955,0.44739260822091326,2.0,3.0,0.5433605829069192,0.004458988539920897,70.23820939446173,0.0
36.0,150.0,1.0407425938025874,0.08795025416028608,0.6900000000000001,53.55158590694758,4.9086198613065335,0.44739260822091326,3.0,3.0,0.5433605829069192,0.004458988539920897,82.46544478326277,0.0
36.0,160.0,1.5860638007202823,0.05453212069176949,1.0,62.24906348294189,4.918729320735544,0.44739260822091326,3.0,3.0,0.5433605829069192,0.004458988539920897,59.10328052404506,0.0
36.0,170.0,1.4667506112807516,-0.011931318943953073,1.0,62.24906348294189,4.928032033915979,0.44739260822091326,3.0,2.0,0.7115985531816741,1.0412960115849913e-05,28.559429946618195,0.0
36.0,180.0,0.8493600488384239,-0.06173905624423277,0.76,72.90273374311631,4.93651029260457,0.44739260822091326,3.0,1.0,0.7115985531816741,1.0412960115849913e-05,15.552068762565424,0.0
36.0,190.0,0.15049374101895197,-0.06988663078194719,0.43,78.11971163219062,4.944147957954026,0.44739260822091326,2.0,1.0,0.7115985531816741,1.0412960115849913e-05,22.999891271029114,0.0
36.0,200.0,-0.44736131883812646,-0.059785505985707844,0.0,76.69428469178845,4.95093049123426,0.10834714021021531,1.0,1.0,0.5174862694351612,0.004053625945382633,43.92241629815192,0.0
36.0,210.0,-0.9181821249678492,-0.047082080612972275,0.0,75.75317838349125,4.956844981507679,0.10834714021021531,1.0,1.0,0.7115985531816741,1.0412960115849913e-05,33.5407431992281,0.0
36.0,220.0,-0.8919078213025635,0.0026274303665285714,0.0,75.75317838349125,4.961880170205891,0.10834714021021531,1.0,2.0,0.439863329019887,0.004661669837190028,16.916020723762767,0.0
36.0,230.0,-0.4484192765430919,0.044348854475947164,0.0,74.71284551829662,4.966026472561023,0.10834714021021531,1.0,3.0,0.4916119559634031,0.004864351134459159,6.415281531875472,0.0
36.0,240.0,-0.1270339329426271,0.032138534360046475,0.25,71.4777678847897,4.969275995850886,0.10834714021021531,2.0,3.0,0.4916119559634031,0.004864351134459159,7.604112032041846,0.0
36.0,250.0,0.303611804022097,0.04306457369647241,0.43,72.21959208051405,4.971622554423206,0.10834714021021531,2.0,3.0,0.5174862694351612,0.004053625945382633,9.007539951071916,0.0
36.0,260.0,0.44255419606577107,0.01389423920436741,0.53,76.22086368157332,4.973061681470373,0.10834714021021531,2.0,2.0,0.7115985531816741,1.0412960115849913e-05,6.727253565020136,0.0
36.0,270.0,0.16998470470935345,-0.02725694913564176,0.42,79.63513174399435,4.973590637532251,0.10834714021021531,2.0,1.0,0.7115985531816741,1.0412960115849913e-05,9.872080959654394,0.0
36.0,280.0,-0.24969115619692772,-0.04196758609062812,0.25,79.44001098669987,4.973208415710921,0.10834714021021531,2.0,1.0,0.7115985531816741,1.0412960115849913e-05,22.37610898541778,0.0
36.0,290.0,-0.5856017645020977,-0.033591060830516994,0.0,76.41157254664951,4.9719157435873385,0.10834714021021531,1.0,1.0,0.7115985531816741,1.0412960115849913e-05,18.640253738458636,0.0
36.0,300.0,-0.6298035783808693,-0.004420181387877165,0.0,75.82597078214741,4.9697150818363625,0.10834714021021531,1.0,2.0,0.439863329019887,0.004661669837190028,9.71102469232959,0.0
36.0,0.0,0.8764197233540543,0.0,0.0,0.0,4.676545008943059,0.10834714021021531,3.0,2.0,0.7115985531816741,1.0412960115849913e-05,57.47217775586561,1.0
36.0,10.0,1.1440364766243398,0.026761675327028556,0.75,10.098137198700165,4.695690218049798,0.10834714021021531,3.0,3.0,0.7115985531816741,1.0412960115849913e-05,41.76604208052664,1.0
36.0,20.0,1.2240572897974218,0.008002081317308197,0.87,22.463537017877634,4.714453248516637,0.10834714021021531,3.0,2.0,0.439863329019887,0.004661669837190028,31.00999643373448,1.0
36.0,30.0,0.4233194862000751,-0.08007378035973467,0.48,31.855851520906146,4.732798383848664,0.10834714021021531,2.0,1.0,0.7115985531816741,1.0412960115849913e-05,35.759198686545325,1.0
36.0,40.0,-0.5053969940088798,-0.0928716480208955,0.0,33.16303587690663,4.750690703038099,0.10834714021021531,1.0,1.0,0.5174862694351612,0.004053625945382633,43.03681313940221,1.0
36.0,50.0,-1.001613365898372,-0.04962163718894921,0.0,33.16303587690663,4.768096147038438,0.10834714021021531,1.0,1.0,0.5174862694351612,0.004053625945382633,29.649686617370918,1.0
36.0,60.0,-0.8313520978086011,0.017026126808977082,0.0,33.16303587690663,4.784981583597766,0.10834714021021531,1.0,2.0,0.7115985531816741,1.0412960115849913e-05,15.26817652808669,1.0
36.0,70.0,-0.4538131758442532,0.03775389219643479,0.0,33.16303587690663,4.801314870327879,0.10834714021021531,1.0,3.0,0.4916119559634031,0.004864351134459159,12.851775721207074,1.0
36.0,80.0,0.05327380735306875,0.050708698319732196,0.0,33.17709555634602,4.817064915889173,0.10834714021021531,2.0,3.0,0.5433605829069192,0.004458988539920897,17.92600968925286,1.0
36.0,90.0,0.37489273904919074,0.032161893169612196,0.29,35.398163933125105,4.832201739174739,0.10834714021021531,2.0,3.0,0.5433605829069192,0.004458988539920897,25.073155424813464,1.0
36.0,100.0,0.790691627571281,0.04157988885220902,0.52,41.02636674964054,4.8466965263811375,0.10834714021021531,3.0,3.0,0.7115985531816741,1.0412960115849913e-05,20.68771720251719,1.0
36.0,110.0,0.7136159829712341,-0.00770756446000469,0.53,48.77673972301029,4.8605216858570905,0.10834714021021531,2.0,2.0,0.439863329019887,0.004661669837190028,9.376613921612726,1.0
36.0,120.0,0.34275857022915446,-0.03708574127420796,0.29,54.78728357767079,4.873650900625762,0.10834714021021531,2.0,1.0,0.4916119559634031,0.004864351134459159,7.896563921058607,1.0
36.0,130.0,-0.09243096619096391,-0.04351895364201184,0.0,56.193575801816365,4.886059178480629,0.44739260822091326,2.0,1.0,0.4916119559634031,0.004864351134459159,34.33720217571327,1.0
36.0,140.0,0.3399028841784215,0.04323338503693854,0.25,56.93586855486786,4.89772289955955,0.44739260822091326,2.0,3.0,0.5174862694351612,0.004053625945382633,76.41127376055672,1.0
36.0,150.0,1.1213847444881608,0.07814818603097393,0.67,63.517223953910936,4.9086198613065335,0.44739260822091326,3.0,3.0,0.439863329019887,0.004661669837190028,92.7455658831616,1.0
36.0,160.0,1.6682906890122595,0.05469059445240987,1.0,68.47999985404904,4.918729320735544,0.44739260822091326,3.0,3.0,0.5433605829069192,0.004458988539920897,69.1216152639356,1.0
36.0,170.0,1.5914837401290605,-0.0076806948883199055,1.0,68.47999985404904,4.928032033915979,0.44739260822091326,3.0,2.0,0.7115985531816741,1.0412960115849913e-05,35.06476719408386,1.0
36.0,180.0,0.9900910218947772,-0.060139271823428334,0.77,74.59194001158721,4.93651029260457,0.44739260822091326,3.0,1.0,0.7115985531816741,1.0412960115849913e-05,16.919313030604194,1.0
36.0,190.0,0.24624816409047412,-0.0743842857804303,0.27,81.26862559654052,4.944147957954026,0.44739260822091326,2.0,1.0,0.7115985531816741,1.0412960115849913e-05,15.375593475971371,1.0
36.0,200.0,-0.29197712653182606,-0.05382252906223002,0.0,81.82191878796232,4.95093049123426,0.10834714021021531,2.0,1.0,0.7115985531816741,1.0412960115849913e-05,13.850342019673132,1.0
36.0,210.0,-0.5163771285817269,-0.022440000204990086,0.0,81.82191878796232,4.956844981507679,0.10834714021021531,1.0,2.0,0.439863329019887,0.004661669837190028,9.354370926511749,1.0
36.0,220.0,-0.2763292404099076,0.024004788817181932,0.0,81.82191878796232,4.961880170205891,0.10834714021021531,2.0,2.0,0.4916119559634031,0.004864351134459159,5.712289226157683,1.0
36.0,230.0,0.049993546236091646,0.032632278664599924,0.0,81.82660453769819,4.966026472561023,0.10834714021021531,2.0,3.0,0.4916119559634031,0.004864351134459159,13.16982875192701,1.0
36.0,240.0,0.5042700991298688,0.045427655289377714,0.33,84.433856060314,4.969275995850886,0.10834714021021531,2.0,3.0,0.439863329019887,0.004661669837190028,23.158213751127317,1.0
36.0,250.0,0.7621489425804313,0.025787884345056255,0.56,90.88442233327973,4.971622554423206,0.10834714021021531,3.0,3.0,0.7115985531816741,1.0412960115849913e-05,18.069742104205346,1.0
36.0,260.0,0.6688277889045686,-0.009332115367586269,0.48,98.40663160691409,4.973061681470373,0.10834714021021531,2.0,2.0,0.7115985531816741,1.0412960115849913e-05,9.942706737837288,1.0
36.0,270.0,0.24856020707642656,-0.042026758182814206,0.25,103.35494137190994,4.973590637532251,0.10834714021021531,2.0,1.0,0.7115985531816741,1.0412960115849913e-05,6.052236396269824,1.0
36.0,280.0,-0.17010436751641578,-0.04186645745928423,0.0,104.10972654775101,4.973208415710921,0.10834714021021531,2.0,1.0,0.7115985531816741,1.0412960115849913e-05,7.908677728677264,1.0
36.0,290.0,-0.23827892648741766,-0.0068174558971001884,0.0,104.10972654775101,4.9719157435873385,0.10834714021021531,2.0,2.0,0.5174862694351612,0.004053625945382633,3.994920258421311,1.0
36.0,300.0,0.0025092258490637676,0.024078815233648142,0.0,104.10972654775101,4.9697150818363625,0.10834714021021531,2.0,2.0,0.439863329019887,0.004661669837190028,10.151345877374775,1.0
36.0,0.0,0.8981864818687662,0.0,0.0,0.0,4.676545008943059,0.10834714021021531,3.0,2.0,0.7115985531816741,1.0412960115849913e-05,57.58101103761837,2.0
36.0,10.0,1.1767989631319047,0.027861248126313853,0.54,10.039872011774165,4.695690218049798,0.10834714021021531,3.0,3.0,0.7115985531816741,1.0412960115849913e-05,44.858132643148394,2.0
36.0,20.0,1.2061317916182368,0.002933282848633212,0.63,22.560651065114463,4.714453248516637,0.10834714021021531,3.0,2.0,0.439863329019887,0.004661669837190028,26.303595551348778,2.0
36.0,30.0,0.7997662011663209,-0.04063655904519159,0.54,33.141093355749966,4.732798383848664,0.10834714021021531,3.0,1.0,0.7115985531816741,1.0412960115849913e-05,14.970849707347647,2.0
36.0,40.0,0.09450399328878589,-0.0705262207877535,0.25,37.6659328776589,4.750690703038099,0.10834714021021531,2.0,1.0,0.7115985531816741,1.0412960115849913e-05,13.916524020196587,2.0
36.0,50.0,-0.4304181316653022,-0.05249221249540881,0.0,35.80421512947577,4.768096147038438,0.10834714021021531,1.0,1.0,0.7115985531816741,1.0412960115849913e-05,14.722503190731635,2.0
36.0,60.0,-0.5721433273066552,-0.014172519564135299,0.0,35.80421512947577,4.784981583597766,0.10834714021021531,1.0,2.0,0.439863329019887,0.004661669837190028,11.193837076577404,2.0
36.0,70.0,-0.2841928285763231,0.028795049873033208,0.0,34.76351712976475,4.801314870327879,0.10834714021021531,2.0,3.0,0.4916119559634031,0.004864351134459159,12.274248289019233,2.0
36.0,80.0,0.08989813203164232,0.037409096060796544,0.25,33.77906078301661,4.817064915889173,0.10834714021021531,2.0,3.0,0.5433605829069192,0.004458988539920897,15.309580140654457,2.0
36.0,90.0,0.5183967599210035,0.04284986278893612,0.38,36.84181559609587,4.832201739174739,0.10834714021021531,2.0,3.0,0.5433605829069192,0.004458988539920897,13.383482503765912,2.0
36.0,100.0,0.6102517043865738,0.00918549444655703,0.45,42.26317777733628,4.8466965263811375,0.10834714021021531,2.0,2.0,0.7115985531816741,1.0412960115849913e-05,8.2514953732815,2.0
36.0,110.0,0.41442236687357337,-0.019582933751300047,0.42,47.64270624246234,4.8605216858570905,0.10834714021021531,2.0,2.0,0.439863329019887,0.004661669837190028,5.883004637793995,2.0
36.0,120.0,0.062046216851825875,-0.035237615002174746,0.28,50.12342887046259,4.873650900625762,0.10834714021021531,2.0,1.0,0.4916119559634031,0.004864351134459159,11.674704112239578,2.0
36.0,130.0,-0.2097362522555528,-0.02717824691073787,0.25,49.106905460369376,4.886059178480629,0.44739260822091326,2.0,1.0,0.4916119559634031,0.004864351134459159,26.31262479925511,2.0
36.0,140.0,0.1592065043798705,0.03689427566354233,0.29,48.14811832885607,4.89772289955955,0.44739260822091326,2.0,3.0,0.5433605829069192,0.004458988539920897,53.003771053914825,2.0
36.0,150.0,0.7898573255960706,0.06306508212162001,0.58,52.46456950649008,4.9086198613065335,0.44739260822091326,3.0,3.0,0.5433605829069192,0.004458988539920897,65.41657379838948,2.0
36.0,160.0,1.23377112697397,0.04439138013778994,0.8300000000000001,62.7511387431512,4.918729320735544,0.44739260822091326,3.0,3.0,0.5433605829069192,0.004458988539920897,54.66370611384708,2.0
36.0,170.0,1.3206246033290867,0.008685347635511676,0.93,76.02279516456848,4.928032033915979,0.44739260822091326,3.0,2.0,0.7115985531816741,1.0412960115849913e-05,31.725678654360344,2.0
36.0,180.0,0.9473676336327763,-0.03732569696963104,0.8300000000000001,87.53149221924973,4.93651029260457,0.44739260822091326,3.0,1.0,0.7115985531816741,1.0412960115849913e-05,16.355775264143155,2.0
36.0,190.0,0.35194846886793485,-0.059541916476484144,0.62,94.03722649392914,4.944147957954026,0.44739260822091326,2.0,1.0,0.7115985531816741,1.0412960115849913e-05,29.560179924385665,2.0
36.0,200.0,-0.20380523473260936,-0.05557537036005442,0.39,95.0958504416472,4.95093049123426,0.10834714021021531,2.0,1.0,0.7115985531816741,1.0412960115849913e-05,58.988921642643824,2.0
36.0,210.0,-1.022003556412205,-0.08181983216795956,0.0,89.76577063255144,4.956844981507679,0.10834714021021531,1.0,1.0,0.5174862694351612,0.004053625945382633,72.61603422812325,2.0
36.0,220.0,-1.350088599431647,-0.032808504301944194,0.0,89.76577063255144,4.961880170205891,0.10834714021021531,1.0,1.0,0.7115985531816741,1.0412960115849913e-05,51.43743810599305,2.0
36.0,230.0,-1.1263138526779244,0.022377474675372256,0.0,89.76577063255144,4.966026472561023,0.10834714021021531,1.0,2.0,0.439863329019887,0.004661669837190028,25.182531827006184,2.0
36.0,240.0,-0.7008423561147019,0.042547149656322246,0.0,86.43188796251283,4.969275995850886,0.10834714021021531,1.0,3.0,0.4916119559634031,0.004864351134459159,9.200003390874748,2.0
36.0,250.0,-0.25241705587520613,0.04484253002394958,0.25,81.37710746451634,4.971622554423206,0.10834714021021531,2.0,3.0,0.439863329019887,0.004661669837190028,3.498633596946012,2.0
36.0,260.0,0.08271736436811494,0.03351344202433211,0.41000000000000003,80.74702462302182,4.973061681470373,0.10834714021021531,2.0,3.0,0.5174862694351612,0.004053625945382633,5.326279483029388,2.0
36.0,270.0,0.12127745202455031,0.003856008765643537,0.45,82.10841711704714,4.973590637532251,0.10834714021021531,2.0,2.0,0.7115985531816741,1.0412960115849913e-05,3.509383289813383,2.0
36.0,280.0,-0.061236562658841365,-0.018251401468339166,0.37,82.51770156865553,4.973208415710921,0.10834714021021531,2.0,2.0,0.7115985531816741,1.0412960115849913e-05,11.812985327633772,2.0
36.0,290.0,-0.3945543121817501,-0.03333177495229087,0.25,80.25529910933318,4.9719157435873385,0.10834714021021531,1.0,1.0,0.7115985531816741,1.0412960115849913e-05,20.621414887761674,2.0
36.0,300.0,-0.6144952533966723,-0.021994094121492225,0.0,75.13843901274619,4.9697150818363625,0.10834714021021531,1.0,2.0,0.7115985531816741,1.0412960115849913e-05,19.207772715284616,2.0
37.0,0.0,1.965096847055925,0.0,0.0,0.0,7.3086936516554175,0.07482954354248016,3.0,2.0,0.5174862694351612,0.004053625945382633,78.59071952555513,0.0
37.0,10.0,1.991655257458028,0.002655841040210305,0.75,0.0,7.360434380907542,0.07482954354248016,3.0,2.0,0.439863329019887,0.004661669837190028,36.8916288542659,0.0
37.0,20.0,0.9312470438475273,-0.10604082136105006,0.66,12.162985892912229,7.410252866508365,0.07482954354248016,3.0,1.0,0.5174862694351612,0.004053625945382633,10.223672191666314,0.0
37.0,30.0,-0.2326282723197366,-0.1163875316167264,0.0,15.815065665340516,7.458054276139073,0.07482954354248016,2.0,1.0,0.7696295760068919,0.0020599024915218967,10.916108858897383,0.0
37.0,40.0,-0.2703023155337867,-0.00376740432140501,0.0,15.815065665340516,7.503747617099556,0.07482954354248016,2.0,2.0,0.7696295760068919,0.0020599024915218967,9.620673304716655,0.0
37.0,50.0,0.23980818768087886,0.05101105032146656,0.25,16.05328857864494,7.547245909518274,0.07482954354248016,2.0,3.0,0.7696295760068919,0.0020599024915218967,8.789912658615247,0.0
37.0,60.0,0.510096820687231,0.027028863300635208,0.34,20.22268391246892,7.588466351923309,0.07482954354248016,2.0,3.0,0.5433605829069192,0.004458988539920897,6.8880404600528795,0.0
37.0,70.0,0.3371234274407122,-0.017297339324651873,0.29,24.725077125410095,7.627330478859747,0.07482954354248016,2.0,2.0,0.5433605829069192,0.004458988539920897,3.3716269025129852,0.0
37.0,80.0,0.15876861728454728,-0.017835481015616494,0.25,27.22536168667193,7.6637643102530575,0.07482954354248016,2.0,2.0,0.5433605829069192,0.004458988539920897,1.535389871161532,0.0
37.0,90.0,0.06516064042465075,-0.009360797685989653,0.25,28.328751015492728,7.697698492234423,0.07482954354248016,2.0,2.0,0.4916119559634031,0.004864351134459159,1.1838907207175804,0.0
37.0,100.0,0.05025567345092696,-0.0014904966973723788,0.25,28.6595174864243,7.729068429159746,0.07482954354248016,2.0,2.0,0.5174862694351612,0.004053625945382633,3.295732652861212,0.0
37.0,110.0,0.10234692143514934,0.005209124798422238,0.25,29.580958003403108,7.757814406571143,0.07482954354248016,2.0,2.0,0.5174862694351612,0.004053625945382633,2.500914698348403,0.0
37.0,120.0,0.10895755446461308,0.0006610633029463742,0.25,30.733760337354386,7.7838817048668005,0.07482954354248016,2.0,2.0,0.439863329019887,0.004661669837190028,1.4767428150229722,0.0
37.0,130.0,0.056356166868607005,-0.005260138759600607,0.25,31.593423254923053,7.807220703462832,0.07482954354248016,2.0,2.0,0.5433605829069192,0.004458988539920897,0.9950548458983253,0.0
37.0,140.0,0.029160036199623818,-0.0027196130668983185,0.25,31.941352410274167,7.8277869752489195,0.07482954354248016,2.0,2.0,0.4916119559634031,0.004864351134459159,1.4051558103262198,0.0
37.0,150.0,-0.023949358676997434,-0.005310939487662125,0.0,31.96341577423225,7.8455413711578075,0.07482954354248016,2.0,2.0,0.439863329019887,0.004661669837190028,2.2436240659846307,0.0
37.0,160.0,0.17776087410814156,0.0201710232785139,0.25,32.61446942085574,7.860450094687785,0.07482954354248016,2.0,2.0,0.4916119559634031,0.004864351134459159,4.8465515224526,0.0
37.0,170.0,0.18944406481740828,0.0011683190709266711,0.25,34.62205270960274,7.872484766236255,0.07482954354248016,2.0,2.0,0.4916119559634031,0.004864351134459159,3.706040867095245,0.0
37.0,180.0,0.15172394253847798,-0.003772012227893029,0.25,36.40013333275942,7.881622477121915,0.07482954354248016,2.0,2.0,0.5174862694351612,0.004053625945382633,2.6523278719711247,0.0
37.0,190.0,0.11169861188814778,-0.004002533065033021,0.25,37.81147063189027,7.887845833192756,0.07482954354248016,2.0,2.0,0.5174862694351612,0.004053625945382633,1.484545310498145,0.0
37.0,200.0,0.04885144753269799,-0.0062847164355449795,0.25,38.593755917545586,7.8911429879367745,0.07482954354248016,2.0,2.0,0.5174862694351612,0.004053625945382633,1.178890787171855,0.0
37.0,210.0,0.02949369685645209,-0.00193577506762459,0.25,38.92899545345655,7.891507665032513,0.07482954354248016,2.0,2.0,0.5174862694351612,0.004053625945382633,1.3876085806442784,0.0
37.0,220.0,-0.02248277392053666,-0.005197647077698875,0.25,39.050141816575774,7.888939170296403,0.07482954354248016,2.0,2.0,0.5433605829069192,0.004458988539920897,2.3452360365845926,0.0
37.0,230.0,-0.055976287134914315,-0.0033493513214377657,0.0,38.71860657415789,7.883442393004145,0.07482954354248016,2.0,2.0,0.5174862694351612,0.004053625945382633,1.3793360304973064,0.0
37.0,240.0,0.047037342085825884,0.01030136292207402,0.25,38.62061765493789,7.875027796583751,0.07482954354248016,2.0,2.0,0.5174862694351612,0.004053625945382633,1.175083687877294,0.0
37.0,250.0,0.0483838275899835,0.0001346485504157613,0.25,39.30445577005683,7.863711398697745,0.07482954354248016,2.0,2.0,0.5174862694351612,0.004053625945382633,1.291875611162241,0.0
37.0,260.0,0.017037819020789158,-0.003134600856919434,0.25,39.61799204034162,7.849514740752689,0.07482954354248016,2.0,2.0,0.5174862694351612,0.004053625945382633,1.5992380343060544,0.0
37.0,270.0,-0.023311101575995252,-0.004034892059678441,0.25,39.586228064986756,7.8324648468938705,0.07482954354248016,2.0,2.0,0.5433605829069192,0.004458988539920897,2.5810533965773983,0.0
37.0,280.0,-0.060860004669628154,-0.00375489030936329,0.25,39.14600747531595,7.812594172563294,0.07482954354248016,2.0,2.0,0.5433605829069192,0.004458988539920897,3.1865131020139046,0.0
37.0,290.0,-0.051798915408191704,0.000906108926143645,0.0,38.43454311062073,7.789940542718931,0.07482954354248016,2.0,2.0,0.4916119559634031,0.004864351134459159,3.7331781488647726,0.0
37.0,300.0,0.1755621693676055,0.02273610847757972,0.25,39.11975527338657,7.764547079832745,0.07482954354248016,2.0,2.0,0.4916119559634031,0.004864351134459159,2.958708996915311,0.0
37.0,0.0,1.964623712961398,0.0,0.0,0.0,7.3086936516554175,0.07482954354248016,3.0,2.0,0.5174862694351612,0.004053625945382633,78.58835401779857,1.0
37.0,10.0,1.978400655562588,0.0013776942601190002,0.75,0.0,7.360434380907542,0.07482954354248016,3.0,2.0,0.439863329019887,0.004661669837190028,36.82418610522826,1.0
37.0,20.0,0.931344139067452,-0.10470565164951359,0.9,2.3186804672750796,7.410252866508365,0.07482954354248016,3.0,1.0,0.5174862694351612,0.004053625945382633,21.88800216328147,1.0
37.0,30.0,-0.5925061791396367,-0.15238503182070887,0.0,5.396114123833808,7.458054276139073,0.07482954354248016,1.0,1.0,0.5433605829069192,0.004458988539920897,19.834501618156537,1.0
37.0,40.0,-0.6267411482794394,-0.003423496913980273,0.0,5.396114123833808,7.503747617099556,0.07482954354248016,1.0,2.0,0.7696295760068919,0.0020599024915218967,13.072743186907747,1.0
37.0,50.0,-0.0938541024686792,0.05328870458107602,0.0,5.396114123833808,7.547245909518274,0.07482954354248016,2.0,3.0,0.7696295760068919,0.0020599024915218967,10.379117014144212,1.0
37.0,60.0,0.4500698512479282,0.05439239537166074,0.34,7.033923152422215,7.588466351923309,0.07482954354248016,2.0,3.0,0.7696295760068919,0.0020599024915218967,9.329537585872668,1.0
37.0,70.0,0.4135961831351018,-0.0036473668112826374,0.37,12.02742040397786,7.627330478859747,0.07482954354248016,2.0,2.0,0.4916119559634031,0.004864351134459159,6.358656411296762,1.0
37.0,80.0,0.14206527229052313,-0.02715309108445787,0.25,14.834557650651764,7.6637643102530575,0.07482954354248016,2.0,1.0,0.4916119559634031,0.004864351134459159,7.553200219561759,1.0
37.0,90.0,0.15501984270649416,0.0012954570415971034,0.25,15.74858138756317,7.697698492234423,0.07482954354248016,2.0,2.0,0.7696295760068919,0.0020599024915218967,8.53249243669152,1.0
37.0,100.0,0.40280032358499795,0.02477804808785038,0.34,18.72221196033853,7.729068429159746,0.07482954354248016,2.0,2.0,0.7696295760068919,0.0020599024915218967,6.354949414801029,1.0
37.0,110.0,0.2615213876786875,-0.014127893590631047,0.26,22.20977261245586,7.757814406571143,0.07482954354248016,2.0,2.0,0.4916119559634031,0.004864351134459159,2.52493084533172,1.0
37.0,120.0,0.10557088173371554,-0.015595050594497195,0.25,24.06298592305457,7.7838817048668005,0.07482954354248016,2.0,2.0,0.4916119559634031,0.004864351134459159,2.0332730973630344,1.0
37.0,130.0,0.18164303808968185,0.007607215635596631,0.25,24.985080051060578,7.807220703462832,0.07482954354248016,2.0,2.0,0.5433605829069192,0.004458988539920897,7.479643337861998,1.0
37.0,140.0,0.31255899001364185,0.013091595192396,0.32,27.723660874459515,7.8277869752489195,0.07482954354248016,2.0,2.0,0.5433605829069192,0.004458988539920897,5.131684801534305,1.0
37.0,150.0,0.21474984606323133,-0.009780914395041052,0.25,30.478466885582947,7.8455413711578075,0.07482954354248016,2.0,2.0,0.5174862694351612,0.004053625945382633,3.194517491156558,1.0
37.0,160.0,0.15655994907103832,-0.0058189896992193015,0.25,32.24234862196087,7.860450094687785,0.07482954354248016,2.0,2.0,0.5174862694351612,0.004053625945382633,1.7423730480473236,1.0
37.0,170.0,0.0689939226070706,-0.008756602646396772,0.25,33.332516303341635,7.872484766236255,0.07482954354248016,2.0,2.0,0.5174862694351612,0.004053625945382633,1.0038476380339412,1.0
37.0,180.0,0.20930228461303813,0.014030836200596752,0.25,34.29529822761268,7.881622477121915,0.07482954354248016,2.0,2.0,0.4916119559634031,0.004864351134459159,5.447928638002762,1.0
37.0,190.0,0.3204976219074709,0.011119533729443276,0.33,37.09262281346445,7.887845833192756,0.07482954354248016,2.0,2.0,0.5433605829069192,0.004458988539920897,3.457575165387283,1.0
37.0,200.0,0.16029263580526276,-0.016020498610220812,0.25,39.6660134355776,7.8911429879367745,0.07482954354248016,2.0,2.0,0.5433605829069192,0.004458988539920897,1.6754910697001315,1.0
37.0,210.0,0.06016307974201496,-0.01001295560632478,0.25,40.76386419920002,7.891507665032513,0.07482954354248016,2.0,2.0,0.5174862694351612,0.004053625945382633,1.2719559795179274,1.0
37.0,220.0,0.070465881138567,0.0010302801396552042,0.25,41.2452068573367,7.888939170296403,0.07482954354248016,2.0,2.0,0.4916119559634031,0.004864351134459159,4.033978602273663,1.0
37.0,230.0,0.24014955914586622,0.01696836780072992,0.27,42.8813709527801,7.883442393004145,0.07482954354248016,2.0,2.0,0.439863329019887,0.004661669837190028,3.4778783199480996,1.0
37.0,240.0,0.18319431031453703,-0.005695524883132919,0.26,45.2457854638723,7.875027796583751,0.07482954354248016,2.0,2.0,0.5174862694351612,0.004053625945382633,2.2387441971262865,1.0
37.0,250.0,0.12130706995427332,-0.006188724036026372,0.25,46.7089508850503,7.863711398697745,0.07482954354248016,2.0,2.0,0.5174862694351612,0.004053625945382633,1.5253329673353428,1.0
37.0,260.0,0.06402590743213565,-0.0057281162522137665,0.25,47.706548521475554,7.849514740752689,0.07482954354248016,2.0,2.0,0.5174862694351612,0.004053625945382633,1.3429752118063831,1.0
37.0,270.0,0.01719063655912123,-0.004683527087301442,0.0,48.13354418876713,7.8324648468938705,0.07482954354248016,2.0,2.0,0.5433605829069192,0.004458988539920897,2.922010214189677,1.0
37.0,280.0,0.21885811114447762,0.02016674745853564,0.25,49.3268860213353,7.812594172563294,0.07482954354248016,2.0,2.0,0.5174862694351612,0.004053625945382633,3.588404169724872,1.0
37.0,290.0,0.20318342757212804,-0.001567468357234958,0.26,51.530328740490816,7.789940542718931,0.07482954354248016,2.0,2.0,0.5174862694351612,0.004053625945382633,2.694756320127796,1.0
37.0,300.0,0.13283953236414803,-0.007034389520798001,0.25,53.11376077738646,7.764547079832745,0.07482954354248016,2.0,2.0,0.5174862694351612,0.004053625945382633,1.8283295824567207,1.0
37.0,0.0,1.9692655834799417,0.0,0.0,0.0,7.3086936516554175,0.07482954354248016,3.0,2.0,0.5174862694351612,0.004053625945382633,78.61156177400062,2.0
37.0,10.0,1.9772394949988765,0.0007973911518934784,0.75,20.34398986167815,7.360434380907542,0.07482954354248016,3.0,2.0,0.439863329019887,0.004661669837190028,39.91290427374288,2.0
37.0,20.0,0.954588523622732,-0.10226509713761445,0.65,36.309098779861394,7.410252866508365,0.07482954354248016,3.0,1.0,0.439863329019887,0.004661669837190028,11.07383730957692,2.0
37.0,30.0,-0.21056196437566044,-0.11651504879983925,0.25,40.05110037758317,7.458054276139073,0.07482954354248016,2.0,1.0,0.4916119559634031,0.004864351134459159,9.575005429852643,2.0
37.0,40.0,-0.3549196821924987,-0.014435771781683825,0.0,38.09860221295648,7.503747617099556,0.07482954354248016,2.0,2.0,0.4916119559634031,0.004864351134459159,6.605465147453108,2.0
37.0,50.0,0.12328842389636563,0.04782081060888643,0.25,36.457878378904276,7.547245909518274,0.07482954354248016,2.0,3.0,0.5433605829069192,0.004458988539920897,5.646196454690685,2.0
37.0,60.0,0.34183988031536217,0.021855145641899654,0.33,39.027166412108244,7.588466351923309,0.07482954354248016,2.0,2.0,0.5174862694351612,0.004053625945382633,3.8378227933998432,2.0
37.0,70.0,0.15950441111844782,-0.018233546919691434,0.27,41.72258398943054,7.627330478859747,0.07482954354248016,2.0,2.0,0.5174862694351612,0.004053625945382633,1.8482888134642281,2.0
37.0,80.0,0.028097427898735816,-0.0131406983219712,0.25,42.63091087741706,7.6637643102530575,0.07482954354248016,2.0,2.0,0.5174862694351612,0.004053625945382633,2.1101694707045384,2.0
37.0,90.0,-0.033564243836519125,-0.0061661671735254945,0.25,42.60719096395826,7.697698492234423,0.07482954354248016,2.0,2.0,0.5174862694351612,0.004053625945382633,2.7668543092785836,2.0
37.0,100.0,-0.06348545537202455,-0.002992121153550542,0.25,42.03453978040399,7.729068429159746,0.07482954354248016,2.0,2.0,0.5174862694351612,0.004053625945382633,3.297020658897245,2.0
37.0,110.0,-0.12022301101796629,-0.005673755564594174,0.25,41.03528191146674,7.757814406571143,0.07482954354248016,2.0,2.0,0.5433605829069192,0.004458988539920897,3.16532364539332,2.0
37.0,120.0,-0.1408755551655858,-0.002065254414761952,0.0,39.78753143880395,7.7838817048668005,0.07482954354248016,2.0,2.0,0.4916119559634031,0.004864351134459159,1.6715314957753418,2.0
37.0,130.0,0.033697603167894385,0.01745731583334802,0.25,38.924830617522105,7.807220703462832,0.07482954354248016,2.0,2.0,0.5174862694351612,0.004053625945382633,2.110707247901202,2.0
37.0,140.0,0.09308964400504038,0.0059392040837145995,0.25,39.6968057574972,7.8277869752489195,0.07482954354248016,2.0,2.0,0.5174862694351612,0.004053625945382633,1.4372286878201253,2.0
37.0,150.0,0.0533196849022346,-0.003976995910280579,0.25,40.452317500325506,7.8455413711578075,0.07482954354248016,2.0,2.0,0.5174862694351612,0.004053625945382633,1.174347968950211,2.0
37.0,160.0,0.02969409099174314,-0.002362559391049146,0.25,40.85561324632319,7.860450094687785,0.07482954354248016,2.0,2.0,0.5174862694351612,0.004053625945382633,1.716943842957774,2.0
37.0,170.0,0.002707726951001632,-0.002698636404074151,0.25,40.941854493710665,7.872484766236255,0.07482954354248016,2.0,2.0,0.5174862694351612,0.004053625945382633,2.278173932943884,2.0
37.0,180.0,-0.07434201120965866,-0.007704973816066029,0.25,40.74765794494378,7.881622477121915,0.07482954354248016,2.0,2.0,0.5433605829069192,0.004458988539920897,3.129598397180241,2.0
37.0,190.0,-0.07794596319002167,-0.0003603951980363007,0.25,40.06612338831342,7.887845833192756,0.07482954354248016,2.0,2.0,0.5433605829069192,0.004458988539920897,3.341390163574673,2.0
37.0,200.0,-0.11244063254332559,-0.003449466935330392,0.25,39.17840129333844,7.8911429879367745,0.07482954354248016,2.0,2.0,0.439863329019887,0.004661669837190028,3.299550944163421,2.0
37.0,210.0,-0.1312257181676273,-0.00187850856243017,0.0,37.98672494603211,7.891507665032513,0.07482954354248016,2.0,2.0,0.4916119559634031,0.004864351134459159,2.4202340201777313,2.0
37.0,220.0,0.11111354355426073,0.0242339261721888,0.25,37.65285809751392,7.888939170296403,0.07482954354248016,2.0,2.0,0.4916119559634031,0.004864351134459159,3.3258095190565964,2.0
37.0,230.0,0.14655329076917667,0.003543974721491594,0.25,39.01620725832297,7.883442393004145,0.07482954354248016,2.0,2.0,0.4916119559634031,0.004864351134459159,2.2656781332244074,2.0
37.0,240.0,0.09838530434568682,-0.004816798642348985,0.25,40.26987190471188,7.875027796583751,0.07482954354248016,2.0,2.0,0.5174862694351612,0.004053625945382633,1.456615384441397,2.0
37.0,250.0,0.05546720808458616,-0.004291809626110065,0.25,41.15871085092779,7.863711398697745,0.07482954354248016,2.0,2.0,0.5174862694351612,0.004053625945382633,1.3279039162856507,2.0
37.0,260.0,0.0065916756565442824,-0.0048875532428041876,0.25,41.55008367897467,7.849514740752689,0.07482954354248016,2.0,2.0,0.5174862694351612,0.004053625945382633,1.915826002551208,2.0
37.0,270.0,-0.02428837701372899,-0.0030880052670273273,0.25,41.528428520731936,7.8324648468938705,0.07482954354248016,2.0,2.0,0.5174862694351612,0.004053625945382633,2.6157062947662375,2.0
37.0,280.0,-0.0763752695122406,-0.005208689249851161,0.25,41.10200767958109,7.812594172563294,0.07482954354248016,2.0,2.0,0.5433605829069192,0.004458988539920897,3.2005667662933526,2.0
37.0,290.0,-0.07552124290695161,8.540266052889934e-05,0.25,40.238075311465025,7.789940542718931,0.07482954354248016,2.0,2.0,0.439863329019887,0.004661669837190028,3.4243236195414855,2.0
37.0,300.0,-0.12245190152755114,-0.004693065862059953,0.0,39.10885055422565,7.764547079832745,0.07482954354248016,2.0,2.0,0.439863329019887,0.004661669837190028,2.44444610861344,2.0
38.0,0.0,-4.320540567307642,0.0,0.0,0.0,9.01947570224591,0.07491458123548012,0.0,2.0,0.5174862694351612,0.004053625945382633,226.99819615318825,0.0
38.0,10.0,-3.8040815203757212,0.05164590469319208,0.0,0.0,9.145870493582564,0.07491458123548012,0.0,3.0,0.5174862694351612,0.004053625945382633,149.40948787982143,0.0
38.0,20.0,-2.1083511260716215,0.16957303943040997,0.0,0.0,10.445892455053723,0.07491458123548012,0.0,3.0,0.5174862694351612,0.004053625945382633,87.61264692094143,0.0
38.0,30.0,-1.5847139806831052,0.05236371453885162,0.0,0.0,10.56797994142515,0.07491458123548012,1.0,3.0,0.5174862694351612,0.004053625945382633,49.60396517659534,0.0
38.0,40.0,-1.1190568496782802,0.0465657131004825,0.0,0.0,10.687563012154996,0.07491458123548012,1.0,3.0,0.5174862694351612,0.004053625945382633,22.331055942047062,0.0
38.0,50.0,-0.6193149823653705,0.04997418673129097,0.0,0.0,10.80441403407147,0.07491458123548012,1.0,3.0,0.7618615520973085,0.0004874627806244859,11.368078743645722,0.0
38.0,60.0,-0.19221702948278718,0.042709795288258336,0.0,0.0,10.918310574612974,0.07491458123548012,2.0,3.0,0.7618615520973085,0.0004874627806244859,12.710410483415599,0.0
38.0,70.0,0.1307630641420694,0.032298009362485655,0.0,0.25050200901534225,11.029035825241138,0.07491458123548012,2.0,3.0,0.7618615520973085,0.0004874627806244859,15.024786907519745,0.0
38.0,80.0,0.5631871842347849,0.04324241200927155,0.3,3.645378627092338,11.136379014148176,0.07491458123548012,2.0,3.0,0.7618615520973085,0.0004874627806244859,16.718228066898376,0.0
38.0,90.0,0.6629371204418391,0.009974993620705419,0.39,10.236243587611408,11.24013580747301,0.07491458123548012,2.0,2.0,0.439863329019887,0.004661669837190028,9.293393856092282,0.0
38.0,100.0,0.36108258081248934,-0.030185453962934972,0.27,15.764817408338082,11.340108698262405,0.07491458123548012,2.0,1.0,0.439863329019887,0.004661669837190028,3.7079948500291353,0.0
38.0,110.0,0.04920343893302359,-0.031187914187946576,0.0,17.895063996657072,11.436107382436646,0.07491458123548012,2.0,1.0,0.4916119559634031,0.004864351134459159,5.910000083812516,0.0
38.0,120.0,-0.06715301343780666,-0.011635645237083025,0.0,17.625430196549026,11.527949121044202,0.07491458123548012,2.0,2.0,0.5433605829069192,0.004458988539920897,9.634114311027679,0.0
38.0,130.0,0.14825653061678423,0.02154095440545909,0.25,17.844239595302472,11.6154590881157,0.07491458123548012,2.0,2.0,0.7618615520973085,0.0004874627806244859,10.841609297643327,0.0
38.0,140.0,0.44597608927234944,0.02977195586555652,0.29,20.678995387638583,11.698470703455065,0.07491458123548012,2.0,3.0,0.7618615520973085,0.0004874627806244859,8.373722586863156,0.0
38.0,150.0,0.44520061886111506,-7.754704112343802e-05,0.35000000000000003,25.503233739222463,11.77682594973443,0.07491458123548012,2.0,2.0,0.7618615520973085,0.0004874627806244859,4.457104689220528,0.0
38.0,160.0,0.18663809780074558,-0.025856252106036946,0.25,28.718496317999676,11.850375673289086,0.07491458123548012,2.0,1.0,0.5433605829069192,0.004458988539920897,3.338755616097837,0.0
38.0,170.0,-0.01401180696764115,-0.020064990476838674,0.25,29.348607680662862,11.918979868039948,0.07491458123548012,2.0,2.0,0.439863329019887,0.004661669837190028,4.890465614742963,0.0
38.0,180.0,-0.09385634303816204,-0.007984453607052088,0.0,28.423822322414434,11.98250794200311,0.07491458123548012,2.0,2.0,0.4916119559634031,0.004864351134459159,7.256811275254282,0.0
38.0,190.0,0.005761528969479457,0.00996178720076415,0.0,27.73765584096714,12.040838965879068,0.07491458123548012,2.0,2.0,0.5433605829069192,0.004458988539920897,9.019015125297098,0.0
38.0,200.0,0.36785981918100674,0.03620982902115273,0.3,29.32294698377619,12.093861903248566,0.07491458123548012,2.0,3.0,0.7618615520973085,0.0004874627806244859,8.570362415632559,0.0
38.0,210.0,0.4125133411283066,0.004465352194729988,0.37,33.60353571719632,12.141475821936695,0.07491458123548012,2.0,2.0,0.7618615520973085,0.0004874627806244859,4.583349504848865,0.0
38.0,220.0,0.22987278926704846,-0.018264055186125817,0.27,37.074963169833225,12.183590086143028,0.07491458123548012,2.0,2.0,0.5174862694351612,0.004053625945382633,4.273042224915343,0.0
38.0,230.0,-0.05663293223854993,-0.028650572150559838,0.25,37.79667863949633,12.220124528972036,0.07491458123548012,2.0,1.0,0.4916119559634031,0.004864351134459159,6.310786838119515,0.0
38.0,240.0,-0.23282297011719066,-0.017619003787864074,0.0,36.466711052796,12.251009605035307,0.07491458123548012,2.0,2.0,0.4916119559634031,0.004864351134459159,7.15471629134033,0.0
38.0,250.0,-0.0015531238523678326,0.023126984626482282,0.25,35.071796269885795,12.276186522835161,0.07491458123548012,2.0,2.0,0.5433605829069192,0.004458988539920897,8.114132293673288,0.0
38.0,260.0,0.34452321453278856,0.03460763383851564,0.32,36.91803123026264,12.295607356677607,0.07491458123548012,2.0,3.0,0.7618615520973085,0.0004874627806244859,7.299741957761052,0.0
38.0,270.0,0.37076327363230277,0.002624005909951421,0.36,40.651717034667655,12.309235137901616,0.07491458123548012,2.0,2.0,0.7618615520973085,0.0004874627806244859,3.8702561630947034,0.0
38.0,280.0,0.13600634104735576,-0.0234756932584947,0.27,43.14820214432828,12.317043925251085,0.07491458123548012,2.0,2.0,0.5174862694351612,0.004053625945382633,4.818349173875297,0.0
38.0,290.0,-0.11363622851680688,-0.024964256956416263,0.25,43.46457553669944,12.319018854255454,0.07491458123548012,2.0,2.0,0.5174862694351612,0.004053625945382633,6.825405652774233,0.0
38.0,300.0,-0.1909522389776228,-0.007731601046081593,0.0,41.759633182009196,12.315156165525131,0.07491458123548012,2.0,2.0,0.4916119559634031,0.004864351134459159,6.309961552246435,0.0
38.0,0.0,-4.32087785076175,0.0,0.0,0.0,9.01947570224591,0.07491458123548012,0.0,2.0,0.5174862694351612,0.004053625945382633,227.00005120602947,1.0
38.0,10.0,-3.8621420979294925,0.045873575283225776,0.0,0.0,9.145870493582564,0.07491458123548012,0.0,3.0,0.5174862694351612,0.004053625945382633,149.7288199965971,1.0
38.0,20.0,-2.1133010278113495,0.17488410701181428,0.0,0.0,10.445892455053723,0.07491458123548012,0.0,3.0,0.5174862694351612,0.004053625945382633,87.6398712901601,1.0
38.0,30.0,-1.599131242638073,0.05141697851732765,0.0,0.0,10.56797994142515,0.07491458123548012,1.0,3.0,0.5174862694351612,0.004053625945382633,49.68325622581281,1.0
38.0,40.0,-1.0945655476919498,0.05045656949461232,0.0,0.0,10.687563012154996,0.07491458123548012,1.0,3.0,0.5174862694351612,0.004053625945382633,22.196735671614334,1.0
38.0,50.0,-0.6421659038067631,0.04523996438851867,0.0,0.0,10.80441403407147,0.07491458123548012,1.0,3.0,0.7618615520973085,0.0004874627806244859,11.471709174702905,1.0
38.0,60.0,-0.2334188311198062,0.04087470726869569,0.0,0.0,10.918310574612974,0.07491458123548012,2.0,3.0,0.7618615520973085,0.0004874627806244859,12.788916113373011,1.0
38.0,70.0,0.2124558579687985,0.04458746890886047,0.25,0.2723842160583807,11.029035825241138,0.07491458123548012,2.0,3.0,0.7618615520973085,0.0004874627806244859,12.631213576734378,1.0
38.0,80.0,0.5534336359510057,0.03409777779822072,0.42,3.946640240547982,11.136379014148176,0.07491458123548012,2.0,3.0,0.5433605829069192,0.004458988539920897,9.902980700207955,1.0
38.0,90.0,0.5020086436913012,-0.005142499225970454,0.38,9.43008788660693,11.24013580747301,0.07491458123548012,2.0,2.0,0.439863329019887,0.004661669837190028,4.726661373907076,1.0
38.0,100.0,0.022064826860290765,-0.04799438168310104,0.0,12.364152782912946,11.340108698262405,0.07491458123548012,2.0,1.0,0.439863329019887,0.004661669837190028,5.923459809382791,1.0
38.0,110.0,-0.18201292783276202,-0.020407775469305278,0.0,12.387932338280276,11.436107382436646,0.07491458123548012,2.0,2.0,0.7618615520973085,0.0004874627806244859,10.605189642339994,1.0
38.0,120.0,0.06269914985302094,0.024471207768578297,0.0,12.393850606419804,11.527949121044202,0.07491458123548012,2.0,2.0,0.5433605829069192,0.004458988539920897,12.563738419541988,1.0
38.0,130.0,0.4594446386510924,0.03967454887980715,0.31,14.55532215232758,11.6154590881157,0.07491458123548012,2.0,3.0,0.7618615520973085,0.0004874627806244859,12.577991921011026,1.0
38.0,140.0,0.5702207916585031,0.011077615300741073,0.42,19.697283545283305,11.698470703455065,0.07491458123548012,2.0,2.0,0.439863329019887,0.004661669837190028,7.5735838149253265,1.0
38.0,150.0,0.29971772419063925,-0.02705030674678639,0.29,24.57059880086111,11.77682594973443,0.07491458123548012,2.0,1.0,0.7618615520973085,0.0004874627806244859,4.699338579209833,1.0
38.0,160.0,-0.10142713829578298,-0.04011448624864222,0.0,25.690279118952926,11.850375673289086,0.07491458123548012,2.0,1.0,0.4916119559634031,0.004864351134459159,7.681976673262626,1.0
38.0,170.0,-0.09454717161878534,0.0006879966676997639,0.0,25.690279118952926,11.918979868039948,0.07491458123548012,2.0,2.0,0.5433605829069192,0.004458988539920897,9.245091271960042,1.0
38.0,180.0,0.20045245265529488,0.029499962427408023,0.25,26.32137054137119,11.98250794200311,0.07491458123548012,2.0,3.0,0.5433605829069192,0.004458988539920897,11.351057190594142,1.0
38.0,190.0,0.5084742149662134,0.030802176231091848,0.39,30.1142182581164,12.040838965879068,0.07491458123548012,2.0,3.0,0.7618615520973085,0.0004874627806244859,8.859034498777675,1.0
38.0,200.0,0.4165479602481348,-0.009192625471807858,0.35000000000000003,35.06703531927251,12.093861903248566,0.07491458123548012,2.0,2.0,0.7618615520973085,0.0004874627806244859,4.32489621973858,1.0
38.0,210.0,0.05035584831420792,-0.03661921119339269,0.0,37.746762020204606,12.141475821936695,0.07491458123548012,2.0,1.0,0.4916119559634031,0.004864351134459159,4.025497958814915,1.0
38.0,220.0,-0.11198246064198258,-0.01623383089561905,0.0,37.81245661187477,12.183590086143028,0.07491458123548012,2.0,2.0,0.4916119559634031,0.004864351134459159,4.393068669027407,1.0
38.0,230.0,0.18265757898933188,0.029464003963131445,0.0,38.099600345160894,12.220124528972036,0.07491458123548012,2.0,3.0,0.4916119559634031,0.004864351134459159,11.590377272102776,1.0
38.0,240.0,0.5264372855107844,0.03437797065214525,0.38,41.45889742029074,12.251009605035307,0.07491458123548012,2.0,3.0,0.7618615520973085,0.0004874627806244859,11.418116117090168,1.0
38.0,250.0,0.5327240679047769,0.0006286782393992496,0.44,47.30771716682557,12.276186522835161,0.07491458123548012,2.0,2.0,0.7618615520973085,0.0004874627806244859,6.822070226829967,1.0
38.0,260.0,0.07618222473552905,-0.045654184316924785,0.0,50.69609055967081,12.295607356677607,0.07491458123548012,2.0,1.0,0.5174862694351612,0.004053625945382633,5.370244216238311,1.0
38.0,270.0,-0.19674320302206993,-0.027292542775759897,0.0,50.816072583793876,12.309235137901616,0.07491458123548012,2.0,1.0,0.439863329019887,0.004661669837190028,2.271124114370013,1.0
38.0,280.0,0.04119313927271051,0.023793634229478045,0.0,50.82839415077804,12.317043925251085,0.07491458123548012,2.0,2.0,0.4916119559634031,0.004864351134459159,7.846948644793281,1.0
38.0,290.0,0.43851285443649957,0.0397319715163789,0.31,52.7369118095243,12.319018854255454,0.07491458123548012,2.0,3.0,0.7618615520973085,0.0004874627806244859,11.155958843588133,1.0
38.0,300.0,0.5180764324113589,0.007956357797485936,0.42,57.88330845852257,12.315156165525131,0.07491458123548012,2.0,2.0,0.7618615520973085,0.0004874627806244859,6.77201240198031,1.0
38.0,0.0,-4.29589688605423,0.0,0.0,0.0,9.01947570224591,0.07491458123548012,0.0,2.0,0.5174862694351612,0.004053625945382633,226.8626563561116,2.0
38.0,10.0,-3.8381188739539667,0.04577780121002632,0.0,0.0,9.145870493582564,0.07491458123548012,0.0,3.0,0.5174862694351612,0.004053625945382633,149.5966927032237,2.0
38.0,20.0,-2.137645184120405,0.17004736898335615,0.0,0.0,10.445892455053723,0.07491458123548012,0.0,3.0,0.5174862694351612,0.004053625945382633,87.77376370551016,2.0
38.0,30.0,-1.5815639999356605,0.05560811841847446,0.0,0.0,10.56797994142515,0.07491458123548012,1.0,3.0,0.5174862694351612,0.004053625945382633,49.58664113273314,2.0
38.0,40.0,-1.0675709369550077,0.051399306298065287,0.0,0.0,10.687563012154996,0.07491458123548012,1.0,3.0,0.5174862694351612,0.004053625945382633,22.048686236903478,2.0
38.0,50.0,-0.6237412743523763,0.04438296626026315,0.0,0.0,10.80441403407147,0.07491458123548012,1.0,3.0,0.7618615520973085,0.0004874627806244859,11.386940861438541,2.0
38.0,60.0,-0.18952342838105452,0.043421784597132175,0.0,0.0,10.918310574612974,0.07491458123548012,2.0,3.0,0.7618615520973085,0.0004874627806244859,12.705278114369934,2.0
38.0,70.0,0.199752246380406,0.03892756747614605,0.0,0.40775741969625656,11.029035825241138,0.07491458123548012,2.0,3.0,0.7618615520973085,0.0004874627806244859,13.802031350418952,2.0
38.0,80.0,0.5495738266625807,0.03498215802821747,0.25,3.9009048636877885,11.136379014148176,0.07491458123548012,2.0,3.0,0.7618615520973085,0.0004874627806244859,15.535800980974827,2.0
38.0,90.0,0.6770490207143958,0.012747519405181507,0.35000000000000003,10.09804787458117,11.24013580747301,0.07491458123548012,2.0,2.0,0.5174862694351612,0.004053625945382633,10.077795331328238,2.0
38.0,100.0,0.4642669235552006,-0.021278209715919517,0.28,15.878130816886632,11.340108698262405,0.07491458123548012,2.0,2.0,0.439863329019887,0.004661669837190028,4.11188449760121,2.0
38.0,110.0,0.17935998935799802,-0.02849069341972026,0.25,19.06488841120973,11.436107382436646,0.07491458123548012,2.0,1.0,0.4916119559634031,0.004864351134459159,3.18637862621935,2.0
38.0,120.0,-0.06635233485813075,-0.024571232421612875,0.0,19.59238989834063,11.527949121044202,0.07491458123548012,2.0,2.0,0.5433605829069192,0.004458988539920897,7.846909267048294,2.0
38.0,130.0,0.02863536860533955,0.00949877034634703,0.0,19.034944547890337,11.6154590881157,0.07491458123548012,2.0,2.0,0.5433605829069192,0.004458988539920897,10.407686797222278,2.0
38.0,140.0,0.336836077963099,0.030820070935775944,0.25,21.004928722924806,11.698470703455065,0.07491458123548012,2.0,3.0,0.7618615520973085,0.0004874627806244859,8.946070271281195,2.0
38.0,150.0,0.42518993434077146,0.008835385637767246,0.32,25.214841979307586,11.77682594973443,0.07491458123548012,2.0,2.0,0.7618615520973085,0.0004874627806244859,5.571811063125625,2.0
38.0,160.0,0.26275859300000803,-0.016243134134076343,0.25,28.942847876026885,11.850375673289086,0.07491458123548012,2.0,2.0,0.5174862694351612,0.004053625945382633,3.360351694239779,2.0
38.0,170.0,0.08091896911128771,-0.018183962388872033,0.25,30.970090859546726,11.918979868039948,0.07491458123548012,2.0,2.0,0.439863329019887,0.004661669837190028,3.2875578851514624,2.0
38.0,180.0,-0.06911440847738248,-0.01500333775886702,0.0,30.854263275999898,11.98250794200311,0.07491458123548012,2.0,2.0,0.439863329019887,0.004661669837190028,6.231946652912884,2.0
38.0,190.0,-0.10912284696684083,-0.004000843848945834,0.0,29.937559550756987,12.040838965879068,0.07491458123548012,2.0,2.0,0.4916119559634031,0.004864351134459159,7.7746334031415065,2.0
38.0,200.0,0.18521487118121982,0.029433771814806064,0.25,29.883583580086245,12.093861903248566,0.07491458123548012,2.0,3.0,0.5433605829069192,0.004458988539920897,6.874157548702572,2.0
38.0,210.0,0.3326615735321887,0.014744670235096891,0.29,32.60067635507488,12.141475821936695,0.07491458123548012,2.0,2.0,0.439863329019887,0.004661669837190028,5.219501083059754,2.0
38.0,220.0,0.2504636901031141,-0.008219788342907463,0.29,35.561702180750565,12.183590086143028,0.07491458123548012,2.0,2.0,0.5174862694351612,0.004053625945382633,3.8611157623987706,2.0
38.0,230.0,0.04783732825565323,-0.020262636184746087,0.25,37.226120735392655,12.220124528972036,0.07491458123548012,2.0,2.0,0.5174862694351612,0.004053625945382633,3.2093854423842925,2.0
38.0,240.0,-0.09754732937163269,-0.014538465762728593,0.25,37.19617028602745,12.251009605035307,0.07491458123548012,2.0,2.0,0.4916119559634031,0.004864351134459159,5.574025385938339,2.0
38.0,250.0,-0.19545235880399758,-0.00979050294323649,0.0,35.77382967166521,12.276186522835161,0.07491458123548012,2.0,2.0,0.4916119559634031,0.004864351134459159,6.998877108839993,2.0
38.0,260.0,-0.04942157722444307,0.014603078157955451,0.25,34.365529788610004,12.295607356677607,0.07491458123548012,2.0,2.0,0.4916119559634031,0.004864351134459159,7.456419083962321,2.0
38.0,270.0,0.3476739603129104,0.03970955375373535,0.3,35.87143729017207,12.309235137901616,0.07491458123548012,2.0,3.0,0.5174862694351612,0.004053625945382633,6.798058811973635,2.0
38.0,280.0,0.3340240792054061,-0.0013649881107504313,0.35000000000000003,39.221209175856096,12.317043925251085,0.07491458123548012,2.0,2.0,0.7618615520973085,0.0004874627806244859,4.0571426315595875,2.0
38.0,290.0,0.10512442905975661,-0.02288996501456495,0.25,41.8002824818458,12.319018854255454,0.07491458123548012,2.0,2.0,0.5174862694351612,0.004053625945382633,4.285892146129741,2.0
38.0,300.0,-0.16930988300613237,-0.027443431206588896,0.25,41.934349952971786,12.315156165525131,0.07491458123548012,2.0,1.0,0.439863329019887,0.004661669837190028,6.15119821010801,2.0
39.0,0.0,-1.4560798351502733,0.0,0.0,0.0,13.765020941776427,0.04159284623311085,1.0,2.0,0.24369926131029557,0.004054746140854108,35.01947185744052,0.0
39.0,10.0,-0.8357525464312658,0.06203272887190074,0.0,0.0,13.854441924432876,0.04159284623311085,1.0,3.0,0.5433605829069192,0.004458988539920897,22.19212189671497,0.0
39.0,20.0,-0.1740279998074996,0.06617245466237662,0.0,0.0,13.940389383271082,0.04159284623311085,2.0,3.0,0.5433605829069192,0.004458988539920897,20.56792505064742,0.0
39.0,30.0,0.5384974053690215,0.0712525405176521,0.25,1.9592283840165656,14.022699712418223,0.04159284623311085,2.0,3.0,0.5433605829069192,0.004458988539920897,18.556379188436594,0.0
39.0,40.0,0.8080413819616084,0.026954397659258687,0.46,9.440681657984555,14.101216229484542,0.04159284623311085,3.0,3.0,0.4916119559634031,0.004864351134459159,9.61232074542807,0.0
39.0,50.0,0.24197303588223917,-0.05660683460793692,0.25,15.259811285957515,14.175789473817233,0.04159284623311085,2.0,1.0,0.5433605829069192,0.004458988539920897,11.761280270616083,0.0
39.0,60.0,-0.022845484482441947,-0.026481852036468113,0.0,15.876037868657814,14.24627749100722,0.04159284623311085,2.0,1.0,0.5433605829069192,0.004458988539920897,13.737900080570302,0.0
39.0,70.0,0.39871082002103364,0.04215563045034756,0.25,17.11675195792466,14.312546103107522,0.04159284623311085,2.0,3.0,0.5174862694351612,0.004053625945382633,13.27474862236514,0.0
39.0,80.0,0.6160410915757275,0.021733027155469386,0.44,23.21450997487419,14.374469164048541,0.04159284623311085,2.0,2.0,0.24369926131029557,0.004054746140854108,5.751732657604755,0.0
39.0,90.0,0.18826146280096623,-0.04277796287747613,0.25,27.641248410942598,14.4319287997643,0.04159284623311085,2.0,1.0,0.4916119559634031,0.004864351134459159,7.970171534662745,0.0
39.0,100.0,-0.08310013033242214,-0.027136159313338837,0.0,27.892541471116214,14.484815632572413,0.04159284623311085,2.0,1.0,0.4916119559634031,0.004864351134459159,9.176214450400554,0.0
39.0,110.0,0.38370755098051035,0.04668076813129325,0.3,28.94295351096172,14.533028989380753,0.04159284623311085,2.0,3.0,0.5174862694351612,0.004053625945382633,8.627785362954807,0.0
39.0,120.0,0.4753115505521244,0.009160399957161402,0.38,33.56691843671518,14.576477093324357,0.04159284623311085,2.0,2.0,0.24369926131029557,0.004054746140854108,4.402246174934583,0.0
39.0,130.0,0.09554664366265442,-0.037976490688947,0.25,36.82230043419507,14.61507723846794,0.04159284623311085,2.0,1.0,0.4916119559634031,0.004864351134459159,3.1303529913101937,0.0
39.0,140.0,-0.07588046614011645,-0.017142710980277087,0.0,36.46900342723741,14.648755947241334,0.04159284623311085,2.0,2.0,0.4916119559634031,0.004864351134459159,5.316239610239848,0.0
39.0,150.0,0.31101299633409596,0.03868934624742124,0.29,37.390791266160164,14.677449110308217,0.04159284623311085,2.0,3.0,0.5174862694351612,0.004053625945382633,5.521762678368407,0.0
39.0,160.0,0.2568225426137509,-0.005419045372034503,0.33,40.9033698842639,14.701102108601873,0.04159284623311085,2.0,2.0,0.24369926131029557,0.004054746140854108,1.8698955843975709,0.0
39.0,170.0,0.08877778527768143,-0.01680447573360695,0.25,42.66680655623189,14.719669917295711,0.04159284623311085,2.0,2.0,0.5174862694351612,0.004053625945382633,1.4238920274097504,0.0
39.0,180.0,0.012518521854033793,-0.007625926342364764,0.25,42.921036409595345,14.733117191510559,0.04159284623311085,2.0,2.0,0.5174862694351612,0.004053625945382633,1.8279100792957084,0.0
39.0,190.0,-0.08191163907710575,-0.009443016093113954,0.25,42.55815334626833,14.74141833359564,0.04159284623311085,2.0,2.0,0.5174862694351612,0.004053625945382633,2.450368685716035,0.0
39.0,200.0,-0.004294504534357202,0.007761713454274855,0.25,42.14688874917358,14.744557541855201,0.04159284623311085,2.0,2.0,0.24369926131029557,0.004054746140854108,2.6020980477969005,0.0
39.0,210.0,-0.029368952823432437,-0.0025074448289075235,0.25,41.92115013494379,14.742528840627898,0.04159284623311085,2.0,2.0,0.5174862694351612,0.004053625945382633,2.7260871613485764,0.0
39.0,220.0,-0.08432441187857265,-0.005495545905514021,0.25,41.39374905793183,14.735336091661814,0.04159284623311085,2.0,2.0,0.4916119559634031,0.004864351134459159,2.9822141801297084,0.0
39.0,230.0,0.11185007804786906,0.01961744899264417,0.25,41.379141690539825,14.72299298676343,0.04159284623311085,2.0,2.0,0.4916119559634031,0.004864351134459159,2.6642242969229946,0.0
39.0,240.0,0.13577483569967796,0.0023924757651808902,0.26,42.69606408065699,14.705523021734436,0.04159284623311085,2.0,2.0,0.4916119559634031,0.004864351134459159,1.876578358069107,0.0
39.0,250.0,4.545298568103817e-05,-0.013572938271399692,0.25,43.560789622389805,14.682959451646212,0.04159284623311085,2.0,2.0,0.5174862694351612,0.004053625945382633,1.7906340689824365,0.0
39.0,260.0,0.09373062063633597,0.009368516765065494,0.25,44.196697140574834,14.655345227536841,0.04159284623311085,2.0,2.0,0.4916119559634031,0.004864351134459159,1.3030041341303609,0.0
39.0,270.0,0.030498376311772546,-0.006323224432456342,0.25,44.73409978787632,14.622732914651401,0.04159284623311085,2.0,2.0,0.5174862694351612,0.004053625945382633,0.773579863077132,0.0
39.0,280.0,0.008666062719111522,-0.0021832313592661024,0.25,44.88806125613358,14.58518459238104,0.04159284623311085,2.0,2.0,0.5174862694351612,0.004053625945382633,0.5494845474211932,0.0
39.0,290.0,-0.001975348362410756,-0.0010641411081522278,0.25,45.33477282566737,14.542771736091304,0.04159284623311085,2.0,2.0,0.5174862694351612,0.004053625945382633,0.7506819239941402,0.0
39.0,300.0,0.017960127229223133,0.001993547559163389,0.25,45.331490791932964,14.495575081064729,0.04159284623311085,2.0,2.0,0.5174862694351612,0.004053625945382633,1.3317066886714901,0.0
39.0,0.0,-1.4769393714926018,0.0,0.0,0.0,13.765020941776427,0.04159284623311085,1.0,2.0,0.24369926131029557,0.004054746140854108,35.13397223578963,1.0
39.0,10.0,-0.878858729027101,0.05980806424655007,0.0,0.0,13.854441924432876,0.04159284623311085,1.0,3.0,0.5433605829069192,0.004458988539920897,22.40210878189887,1.0
39.0,20.0,-0.11316393652899137,0.07656947924981097,0.0,0.0,13.940389383271082,0.04159284623311085,2.0,3.0,0.5433605829069192,0.004458988539920897,20.565320735571206,1.0
39.0,30.0,0.5573087847370957,0.0670472721266087,0.25,1.936681342966665,14.022699712418223,0.04159284623311085,2.0,3.0,0.5433605829069192,0.004458988539920897,25.262161857931602,1.0
39.0,40.0,0.9744743168980143,0.04171655321609187,0.28,9.908155395780067,14.101216229484542,0.04159284623311085,3.0,3.0,0.439863329019887,0.004661669837190028,24.562410033169794,1.0
39.0,50.0,0.8518780837859907,-0.012259623311202361,0.29,19.491761121376527,14.175789473817233,0.04159284623311085,3.0,2.0,0.439863329019887,0.004661669837190028,16.60723723096102,1.0
39.0,60.0,0.6673791553237223,-0.018449892846226845,0.28,27.242886194299814,14.24627749100722,0.04159284623311085,2.0,2.0,0.439863329019887,0.004661669837190028,10.164745478413028,1.0
39.0,70.0,0.4858520106791673,-0.0181527144644555,0.26,33.28819333234176,14.312546103107522,0.04159284623311085,2.0,2.0,0.439863329019887,0.004661669837190028,6.535012016510191,1.0
39.0,80.0,0.4493524356944363,-0.0036499574984730997,0.25,37.640176171626855,14.374469164048541,0.04159284623311085,2.0,2.0,0.5174862694351612,0.004053625945382633,5.503301670870045,1.0
39.0,90.0,0.3192105027711172,-0.01301419329233191,0.25,41.21095388790586,14.4319287997643,0.04159284623311085,2.0,2.0,0.5174862694351612,0.004053625945382633,4.385694661350832,1.0
39.0,100.0,0.22906589186969484,-0.009014461090142234,0.25,44.201100367239235,14.484815632572413,0.04159284623311085,2.0,2.0,0.5174862694351612,0.004053625945382633,3.508855005852523,1.0
39.0,110.0,0.13037116841840657,-0.009869472345128827,0.25,46.30479618230328,14.533028989380753,0.04159284623311085,2.0,2.0,0.5174862694351612,0.004053625945382633,3.114555282189613,1.0
39.0,120.0,0.17235852888611092,0.0041987360467704345,0.25,48.15693883880351,14.576477093324357,0.04159284623311085,2.0,2.0,0.5174862694351612,0.004053625945382633,2.3685358132745895,1.0
39.0,130.0,0.12335467144073675,-0.004900385744537416,0.25,49.64753324597059,14.61507723846794,0.04159284623311085,2.0,2.0,0.5174862694351612,0.004053625945382633,2.084030619805061,1.0
39.0,140.0,0.010965820738729093,-0.011238885070200766,0.25,50.55485622844897,14.648755947241334,0.04159284623311085,2.0,2.0,0.5433605829069192,0.004458988539920897,1.5195573965358986,1.0
39.0,150.0,0.060464213808298695,0.00494983930695696,0.25,50.90023064904013,14.677449110308217,0.04159284623311085,2.0,2.0,0.5433605829069192,0.004458988539920897,1.121461412493459,1.0
39.0,160.0,0.07022475153523189,0.0009760537726933194,0.25,51.54944554399046,14.701102108601873,0.04159284623311085,2.0,2.0,0.5433605829069192,0.004458988539920897,0.892932501193412,1.0
39.0,170.0,0.03788932566833125,-0.0032335425866900636,0.25,52.034351659507664,14.719669917295711,0.04159284623311085,2.0,2.0,0.5174862694351612,0.004053625945382633,0.5685538861872368,1.0
39.0,180.0,0.05164017614187344,0.0013750850473542187,0.25,52.41259881461576,14.733117191510559,0.04159284623311085,2.0,2.0,0.5174862694351612,0.004053625945382633,0.6111765375728595,1.0
39.0,190.0,-0.0021321941883662987,-0.005377237033023974,0.25,52.516781702379575,14.74141833359564,0.04159284623311085,2.0,2.0,0.5174862694351612,0.004053625945382633,0.8495671026352113,1.0
39.0,200.0,0.011560701440643584,0.0013692895629009883,0.25,52.57644604435603,14.744557541855201,0.04159284623311085,2.0,2.0,0.5174862694351612,0.004053625945382633,1.2561855101031043,1.0
39.0,210.0,-0.01615126823698887,-0.0027711969677632455,0.25,52.62651998350778,14.742528840627898,0.04159284623311085,2.0,2.0,0.5174862694351612,0.004053625945382633,1.716356872871591,1.0
39.0,220.0,-0.046546111324794026,-0.0030394843087805158,0.25,52.24884373345346,14.735336091661814,0.04159284623311085,2.0,2.0,0.5174862694351612,0.004053625945382633,2.1608977835949608,1.0
39.0,230.0,-0.07484553457139498,-0.002829942324660095,0.25,51.737358468023885,14.72299298676343,0.04159284623311085,2.0,2.0,0.5174862694351612,0.004053625945382633,2.579934906588818,1.0
39.0,240.0,-0.04207812791520382,0.0032767406656191156,0.25,51.18531594437938,14.705523021734436,0.04159284623311085,2.0,2.0,0.5174862694351612,0.004053625945382633,2.8337285327004023,1.0
39.0,250.0,-0.023614033311790905,0.0018464094603412918,0.25,50.620194377881546,14.682959451646212,0.04159284623311085,2.0,2.0,0.5174862694351612,0.004053625945382633,3.117815370875727,1.0
39.0,260.0,-0.07403995346255243,-0.005042592015076152,0.25,49.99921106151786,14.655345227536841,0.04159284623311085,2.0,2.0,0.5174862694351612,0.004053625945382633,3.5752267655833343,1.0
39.0,270.0,-0.02803939983165904,0.0046000553630893394,0.25,49.29433888274137,14.622732914651401,0.04159284623311085,2.0,2.0,0.5174862694351612,0.004053625945382633,3.798717969473579,1.0
39.0,280.0,-0.11707579124889023,-0.008903639141723119,0.25,48.559804817753474,14.58518459238104,0.04159284623311085,2.0,2.0,0.24369926131029557,0.004054746140854108,4.372500437448458,1.0
39.0,290.0,-0.10676670903549379,0.0010309082213396437,0.25,47.26651133275628,14.542771736091304,0.04159284623311085,2.0,2.0,0.5174862694351612,0.004053625945382633,4.468298932250977,1.0
39.0,300.0,-0.110316539534562,-0.0003549830499068207,0.25,46.224697851900814,14.495575081064729,0.04159284623311085,2.0,2.0,0.5433605829069192,0.004458988539920897,4.627932552224886,1.0
39.0,0.0,-1.4743634679634887,0.0,0.0,0.0,13.765020941776427,0.04159284623311085,1.0,2.0,0.24369926131029557,0.004054746140854108,35.11983280700112,2.0
39.0,10.0,-0.812350411595574,0.06620130563679147,0.0,0.0,13.854441924432876,0.04159284623311085,1.0,3.0,0.5433605829069192,0.004458988539920897,22.078121047999634,2.0
39.0,20.0,-0.11892266465338963,0.06934277469421843,0.0,0.0,13.940389383271082,0.04159284623311085,2.0,3.0,0.5433605829069192,0.004458988539920897,20.56199266248055,2.0
39.0,30.0,0.5160169234429866,0.06349395880963762,0.25,1.7427422943279396,14.022699712418223,0.04159284623311085,2.0,3.0,0.5433605829069192,0.004458988539920897,21.002543530606903,2.0
39.0,40.0,0.8519217770762708,0.033590485363328426,0.42,9.22073572632167,14.101216229484542,0.04159284623311085,3.0,3.0,0.4916119559634031,0.004864351134459159,12.235716812615923,2.0
39.0,50.0,0.47497094239390947,-0.037695083468236135,0.32,16.517009910055883,14.175789473817233,0.04159284623311085,2.0,1.0,0.5433605829069192,0.004458988539920897,7.6422338522825655,2.0
39.0,60.0,0.06266746381847454,-0.041230347857543495,0.25,19.18713381607303,14.24627749100722,0.04159284623311085,2.0,1.0,0.4916119559634031,0.004864351134459159,10.359596326523882,2.0
39.0,70.0,0.15131120171068702,0.008864373789221247,0.25,19.509868404335432,14.312546103107522,0.04159284623311085,2.0,2.0,0.5433605829069192,0.004458988539920897,10.405983021479564,2.0
39.0,80.0,0.5359092416162383,0.03845980399055513,0.33,22.949203808970918,14.374469164048541,0.04159284623311085,2.0,3.0,0.5174862694351612,0.004053625945382633,7.895324894557896,2.0
39.0,90.0,0.4223584217360674,-0.011355081988017091,0.33,28.20820092008869,14.4319287997643,0.04159284623311085,2.0,2.0,0.439863329019887,0.004661669837190028,3.010352837042122,2.0
39.0,100.0,0.14094300546516436,-0.028141541627090306,0.25,30.867423307487613,14.484815632572413,0.04159284623311085,2.0,1.0,0.24369926131029557,0.004054746140854108,0.9891035287241097,2.0
39.0,110.0,0.003106375618408208,-0.013783662984675616,0.25,31.437670517169597,14.533028989380753,0.04159284623311085,2.0,2.0,0.4916119559634031,0.004864351134459159,1.0768663033918213,2.0
39.0,120.0,0.018919778733078374,0.0015813403114670165,0.25,31.448300831412055,14.576477093324357,0.04159284623311085,2.0,2.0,0.4916119559634031,0.004864351134459159,1.482798352650988,2.0
39.0,130.0,-0.03834595572454802,-0.005726573445762639,0.0,31.300163540120337,14.61507723846794,0.04159284623311085,2.0,2.0,0.439863329019887,0.004661669837190028,3.531534238201905,2.0
39.0,140.0,0.13904209759891373,0.017738805332346175,0.25,31.395715262700918,14.648755947241334,0.04159284623311085,2.0,2.0,0.5174862694351612,0.004053625945382633,3.874275931978045,2.0
39.0,150.0,0.13536776275739726,-0.0003674334841516469,0.25,32.811905661620074,14.677449110308217,0.04159284623311085,2.0,2.0,0.5174862694351612,0.004053625945382633,3.1265847859219495,2.0
39.0,160.0,0.10782960928605334,-0.0027538153471343917,0.25,34.122063657203384,14.701102108601873,0.04159284623311085,2.0,2.0,0.5174862694351612,0.004053625945382633,2.4010830997830572,2.0
39.0,170.0,0.08671450820539661,-0.0021115101080656728,0.25,35.15853108167933,14.719669917295711,0.04159284623311085,2.0,2.0,0.5174862694351612,0.004053625945382633,1.7618010631845828,2.0
39.0,180.0,0.051777815358626356,-0.0034936692846770255,0.25,35.89140575625164,14.733117191510559,0.04159284623311085,2.0,2.0,0.5174862694351612,0.004053625945382633,1.1580499062994383,2.0
39.0,190.0,0.011887368553292532,-0.003989044680533382,0.25,36.31516652133804,14.74141833359564,0.04159284623311085,2.0,2.0,0.5174862694351612,0.004053625945382633,0.620546222671963,2.0
39.0,200.0,0.03024695188099713,0.0018359583327704598,0.25,36.543913694625836,14.744557541855201,0.04159284623311085,2.0,2.0,0.5174862694351612,0.004053625945382633,0.502077671615935,2.0
39.0,210.0,0.027279866765063332,-0.0002967085115933799,0.25,36.525733068188984,14.742528840627898,0.04159284623311085,2.0,2.0,0.5174862694351612,0.004053625945382633,0.6505347484419463,2.0
39.0,220.0,0.009505477688428243,-0.001777438907663509,0.25,36.59830893248972,14.735336091661814,0.04159284623311085,2.0,2.0,0.5174862694351612,0.004053625945382633,1.0073106249972388,2.0
39.0,230.0,-0.05823086492437923,-0.006773634261280748,0.25,36.41923670961889,14.72299298676343,0.04159284623311085,2.0,2.0,0.24369926131029557,0.004054746140854108,1.5981534746495016,2.0
39.0,240.0,-0.029472300384121297,0.0028758564540257935,0.25,36.0076290063886,14.705523021734436,0.04159284623311085,2.0,2.0,0.24369926131029557,0.004054746140854108,1.9381704475197392,2.0
39.0,250.0,-0.03567565873358092,-0.000620335834945962,0.25,35.69361734314826,14.682959451646212,0.04159284623311085,2.0,2.0,0.24369926131029557,0.004054746140854108,2.2258611400080848,2.0
39.0,260.0,-0.08601708984473788,-0.005034143111115696,0.0,35.100137736256954,14.655345227536841,0.04159284623311085,2.0,2.0,0.439863329019887,0.004661669837190028,3.3925638082480765,2.0
39.0,270.0,0.0778339963899235,0.01638510862346614,0.25,34.612077778033196,14.622732914651401,0.04159284623311085,2.0,2.0,0.5174862694351612,0.004053625945382633,3.678364269028834,2.0
39.0,280.0,0.11618042855754496,0.003834643216762146,0.25,35.79033993842327,14.58518459238104,0.04159284623311085,2.0,2.0,0.5174862694351612,0.004053625945382633,3.0603063368989827,2.0
39.0,290.0,0.12990329476161833,0.001372286620407337,0.25,36.88921069529272,14.542771736091304,0.04159284623311085,2.0,2.0,0.5174862694351612,0.004053625945382633,2.3694937762035364,2.0
39.0,300.0,0.07082922213373166,-0.005907407262788667,0.25,37.90953717983017,14.495575081064729,0.04159284623311085,2.0,2.0,0.5174862694351612,0.004053625945382633,1.5451504512937984,2.0
40.0,0.0,0.9636595116674727,0.0,0.0,0.0,6.719417946532559,0.3933343544701657,3.0,2.0,1.160259531329696,0.02780557809916957,82.22867076071309,0.0
40.0,10.0,1.3183846479716799,0.03547251363042072,0.71,11.138350745535245,6.757167538846545,0.3933343544701657,3.0,3.0,1.160259531329696,0.02780557809916957,80.08141710331978,0.0
40.0,20.0,1.5598458386820013,0.024146119071032146,0.91,26.070533175791795,6.795629302234872,0.3933343544701657,3.0,2.0,1.160259531329696,0.02780557809916957,63.67077493564271,0.0
40.0,30.0,1.4114324657973896,-0.014841337288461176,0.91,40.950647537121355,6.834730022544896,0.3933343544701657,3.0,2.0,1.160259531329696,0.02780557809916957,41.30304121552387,0.0
40.0,40.0,1.081532423032595,-0.03299000427647947,0.78,53.13780942336014,6.874395269333178,0.3933343544701657,3.0,1.0,1.160259531329696,0.02780557809916957,24.737871441653,0.0
40.0,50.0,0.7773671822925472,-0.030416524074004768,0.68,62.70036931520396,6.914549537548027,0.3933343544701657,3.0,1.0,1.160259531329696,0.02780557809916957,14.996003040616682,0.0
40.0,60.0,0.5616802034078745,-0.02156869788846727,0.58,69.4175543206125,6.9551163912576754,0.3933343544701657,2.0,2.0,1.160259531329696,0.02780557809916957,11.129650024269642,0.0
40.0,70.0,0.4721096493215633,-0.00895705540863112,0.56,74.56243625803745,6.9960186091504255,0.3933343544701657,2.0,2.0,1.160259531329696,0.02780557809916957,10.658169381183495,0.0
40.0,80.0,0.5004124256772329,0.002830277635566958,0.55,79.22404396825368,7.037178331529773,0.3933343544701657,2.0,2.0,1.160259531329696,0.02780557809916957,11.150705780631814,0.0
40.0,90.0,0.5185035884813338,0.0018091162804100946,0.58,83.86062848183268,7.078517208524822,0.3933343544701657,2.0,2.0,1.160259531329696,0.02780557809916957,10.963635303246392,0.0
40.0,100.0,0.4518368782748645,-0.00666667102064693,0.58,88.50621939113088,7.119956549233649,0.3933343544701657,2.0,2.0,1.160259531329696,0.02780557809916957,19.504514142525245,0.0
40.0,110.0,0.45639893855419444,0.0004562060279329927,0.61,93.04539191497409,7.161417471515961,0.3933343544701657,2.0,2.0,1.160259531329696,0.02780557809916957,51.296205395748196,0.0
40.0,120.0,0.4177438769200279,-0.0038655061634166542,0.63,97.46441802334729,7.202821052149709,0.3933343544701657,2.0,2.0,1.160259531329696,0.02780557809916957,85.15892659965564,0.0
40.0,130.0,1.996300894907204,0.1578557017987176,0.68,101.2971484297039,8.765820213814717,0.3933343544701657,3.0,3.0,0.5174862694351612,0.004053625945382633,110.9130121399277,0.0
40.0,140.0,1.8851527724211508,-0.011114812248605332,1.0,101.2971484297039,8.806872928124601,0.3933343544701657,3.0,2.0,1.160259531329696,0.02780557809916957,90.72964549411938,0.0
40.0,150.0,1.6799549159180174,-0.020519785650313337,1.0,101.2971484297039,8.847632785653172,0.3933343544701657,3.0,2.0,1.160259531329696,0.02780557809916957,65.27275416383186,0.0
40.0,160.0,1.326598923073842,-0.03533559928441754,1.0,101.2971484297039,8.88802219769499,0.3933343544701657,3.0,1.0,1.160259531329696,0.02780557809916957,39.71619103025804,0.0
40.0,170.0,1.0259963365132094,-0.030060258656063255,0.97,105.57313923487985,8.92796428070864,0.3933343544701657,3.0,1.0,1.160259531329696,0.02780557809916957,19.938726593028296,0.0
40.0,180.0,0.6290628972624042,-0.039693343925080525,0.81,114.16244856973867,8.96738300266895,0.3933343544701657,2.0,1.0,1.160259531329696,0.02780557809916957,9.572082615878937,0.0
40.0,190.0,0.44220193284969156,-0.018686096441271262,0.74,119.89195314323507,9.006203327798264,0.3933343544701657,2.0,2.0,0.4916119559634031,0.004864351134459159,6.6969518869300595,0.0
40.0,200.0,0.22888147156194805,-0.021332046128774353,0.65,123.28799573091021,9.04435135940128,0.3933343544701657,2.0,2.0,1.160259531329696,0.02780557809916957,5.471843279766072,0.0
40.0,210.0,0.21792006070391423,-0.0010961410858033815,0.62,125.42549846185942,9.081754480531654,0.3933343544701657,2.0,2.0,1.160259531329696,0.02780557809916957,5.471007106097067,0.0
40.0,220.0,0.2215840038956962,0.0003663943191781982,0.63,127.44605418117568,9.118341492222466,0.3933343544701657,2.0,2.0,1.160259531329696,0.02780557809916957,6.038804016044415,0.0
40.0,230.0,0.2146153847217711,-0.0006968619173925106,0.65,129.76641584557962,9.154042749017488,0.3933343544701657,2.0,2.0,1.160259531329696,0.02780557809916957,6.446934266894708,0.0
40.0,240.0,0.3481644913310902,0.013354910660931908,0.71,132.64299876274916,9.188790291545292,0.3933343544701657,2.0,2.0,1.160259531329696,0.02780557809916957,6.686060409014089,0.0
40.0,250.0,0.313389800833729,-0.003477469049736115,0.71,135.85988806073897,9.222517975883736,0.3933343544701657,2.0,2.0,0.4916119559634031,0.004864351134459159,5.931517017581828,0.0
40.0,260.0,0.26635502071987105,-0.004703478011385797,0.7000000000000001,138.6551216050472,9.255161599468746,0.3933343544701657,2.0,2.0,0.4916119559634031,0.004864351134459159,4.891846851287927,0.0
40.0,270.0,0.23736138043526722,-0.0028993640284603827,0.7000000000000001,140.91080606025284,9.286659023307475,0.3933343544701657,2.0,2.0,0.4916119559634031,0.004864351134459159,4.243285714114548,0.0
40.0,280.0,0.1415390469668587,-0.009582233346840852,0.68,143.1778399947769,9.316950290263453,0.3933343544701657,2.0,2.0,0.4916119559634031,0.004864351134459159,3.540356497550111,0.0
40.0,290.0,0.1865855792443618,0.004504653227750311,0.6900000000000001,144.9838503763279,9.345977739188381,0.3933343544701657,2.0,2.0,0.4916119559634031,0.004864351134459159,3.2674716534993253,0.0
40.0,300.0,0.14194915855410528,-0.004463642069025653,0.64,146.626347492322,9.373686114683426,0.3933343544701657,2.0,2.0,0.4916119559634031,0.004864351134459159,3.0698769401399257,0.0
40.0,0.0,0.9982167640099853,0.0,0.0,0.0,6.719417946532559,0.3933343544701657,3.0,2.0,1.160259531329696,0.02780557809916957,82.40145648176764,1.0
40.0,10.0,1.3557625767289885,0.03575458127190032,0.75,0.0,6.757167538846545,0.3933343544701657,3.0,3.0,1.160259531329696,0.02780557809916957,79.2246154767585,1.0
40.0,20.0,1.5365583272327719,0.018079575050378337,1.0,0.0,6.795629302234872,0.3933343544701657,3.0,2.0,1.160259531329696,0.02780557809916957,58.02093342788537,1.0
40.0,30.0,1.301930515030918,-0.023462781220185393,1.0,0.0,6.834730022544896,0.3933343544701657,3.0,2.0,1.160259531329696,0.02780557809916957,32.3191656216281,1.0
40.0,40.0,0.8627278464876476,-0.04392026685432704,1.0,0.0,6.874395269333178,0.3933343544701657,3.0,1.0,1.160259531329696,0.02780557809916957,13.092133889497163,1.0
40.0,50.0,0.4747748919848078,-0.03879529545028397,0.8,6.270141660951115,6.914549537548027,0.3933343544701657,2.0,1.0,1.160259531329696,0.02780557809916957,4.705430443937577,1.0
40.0,60.0,0.1740116522595656,-0.030076323972524223,0.47000000000000003,9.419244844439348,6.9551163912576754,0.3933343544701657,2.0,1.0,1.160259531329696,0.02780557809916957,4.787199413935423,1.0
40.0,70.0,0.026673965847322734,-0.014733768641224287,0.33,10.281746845110188,6.9960186091504255,0.3933343544701657,2.0,2.0,1.160259531329696,0.02780557809916957,7.931098924012257,1.0
40.0,80.0,0.17022774821422004,0.01435537823668973,0.47000000000000003,10.85410866595738,7.037178331529773,0.3933343544701657,2.0,2.0,1.160259531329696,0.02780557809916957,10.150390238251546,1.0
40.0,90.0,0.3691689887502996,0.019894124053607954,0.73,13.37883785289791,7.078517208524822,0.3933343544701657,2.0,2.0,1.160259531329696,0.02780557809916957,7.840415523980982,1.0
40.0,100.0,0.34418902306436294,-0.002497996568593663,0.88,17.17512290588174,7.119956549233649,0.3933343544701657,2.0,2.0,1.160259531329696,0.02780557809916957,13.073214268591327,1.0
40.0,110.0,0.1627593580229103,-0.018142966504145264,0.8200000000000001,20.15620212932784,7.161417471515961,0.3933343544701657,2.0,2.0,1.160259531329696,0.02780557809916957,37.42874199191221,1.0
40.0,120.0,-0.06473857619953804,-0.022749793422244834,0.56,20.894896041536605,7.202821052149709,0.3933343544701657,2.0,2.0,1.160259531329696,0.02780557809916957,65.18083774320357,1.0
40.0,130.0,1.357858107061297,0.1422596683260835,0.37,19.639895289319597,8.765820213814717,0.3933343544701657,3.0,3.0,1.160259531329696,0.02780557809916957,85.17081854529843,1.0
40.0,140.0,1.4654882480634086,0.010763014100211165,0.87,19.639895289319597,8.806872928124601,0.3933343544701657,3.0,2.0,1.160259531329696,0.02780557809916957,76.08089841645835,1.0
40.0,150.0,1.4438658050083006,-0.0021622443055107966,1.0,19.639895289319597,8.847632785653172,0.3933343544701657,3.0,2.0,1.160259531329696,0.02780557809916957,55.84322811748638,1.0
40.0,160.0,1.2141618907277447,-0.02297039142805559,1.0,19.639895289319597,8.88802219769499,0.3933343544701657,3.0,2.0,1.160259531329696,0.02780557809916957,32.98076167086876,1.0
40.0,170.0,0.9069334683499797,-0.030722842237776504,1.0,19.639895289319597,8.92796428070864,0.3933343544701657,3.0,1.0,1.160259531329696,0.02780557809916957,15.253244537745367,1.0
40.0,180.0,0.574171496450294,-0.03327619718996857,1.0,19.639895289319597,8.96738300266895,0.3933343544701657,2.0,1.0,1.160259531329696,0.02780557809916957,7.2011237203940555,1.0
40.0,190.0,0.24522329160912903,-0.032894820484116495,0.89,20.747819222317265,9.006203327798264,0.3933343544701657,2.0,1.0,1.160259531329696,0.02780557809916957,4.422977800044166,1.0
40.0,200.0,-0.08265623411766043,-0.03278795257267895,0.51,21.471192450409358,9.04435135940128,0.3933343544701657,2.0,1.0,1.160259531329696,0.02780557809916957,4.843348006671269,1.0
40.0,210.0,-0.07237799168419556,0.0010278242433464867,0.53,20.557493380729717,9.081754480531654,0.3933343544701657,2.0,2.0,1.160259531329696,0.02780557809916957,4.744299199171057,1.0
40.0,220.0,-0.06016253296773755,0.0012215458716458016,0.47000000000000003,19.622722197945496,9.118341492222466,0.3933343544701657,2.0,2.0,1.160259531329696,0.02780557809916957,5.78488232005324,1.0
40.0,230.0,0.14576492765512228,0.020592746062285984,0.71,19.99803436665753,9.154042749017488,0.3933343544701657,2.0,2.0,1.160259531329696,0.02780557809916957,5.540929875586578,1.0
40.0,240.0,0.2082710845731981,0.006250615691807582,0.8300000000000001,21.7051943489748,9.188790291545292,0.3933343544701657,2.0,2.0,1.160259531329696,0.02780557809916957,4.864432252216596,1.0
40.0,250.0,0.12195321875665854,-0.008631786581653955,0.8200000000000001,23.894286382245287,9.222517975883736,0.3933343544701657,2.0,2.0,1.160259531329696,0.02780557809916957,4.008046165893271,1.0
40.0,260.0,0.026540684841179996,-0.009541253391547854,0.73,25.01845717603205,9.255161599468746,0.3933343544701657,2.0,2.0,1.160259531329696,0.02780557809916957,4.110696943672388,1.0
40.0,270.0,-0.17947598884546778,-0.020601667368664776,0.55,24.601317486237875,9.286659023307475,0.3933343544701657,2.0,2.0,1.160259531329696,0.02780557809916957,4.3955348455413334,1.0
40.0,280.0,-0.17683551711849077,0.0002640471726977012,0.42,22.892598878048467,9.316950290263453,0.3933343544701657,2.0,2.0,1.160259531329696,0.02780557809916957,4.53056221732004,1.0
40.0,290.0,-0.0015410990832300797,0.01752944180352607,0.62,22.00307849626316,9.345977739188381,0.3933343544701657,2.0,2.0,1.160259531329696,0.02780557809916957,4.091013131414867,1.0
40.0,300.0,0.11619842993180995,0.011773952901504004,0.75,22.56687956187888,9.373686114683426,0.3933343544701657,2.0,2.0,1.160259531329696,0.02780557809916957,3.873986880949265,1.0
40.0,0.0,0.9522041580073726,0.0,0.0,0.0,6.719417946532559,0.3933343544701657,3.0,2.0,1.160259531329696,0.02780557809916957,82.1713941716348,2.0
40.0,10.0,1.3092588715483657,0.035705471354099315,0.63,11.062673156532814,6.757167538846545,0.3933343544701657,3.0,3.0,1.160259531329696,0.02780557809916957,83.05864739843815,2.0
40.0,20.0,1.579248850853098,0.026998997930473223,0.8,25.754206831005146,6.795629302234872,0.3933343544701657,3.0,3.0,1.160259531329696,0.02780557809916957,72.21959148459729,2.0
40.0,30.0,1.4713953461163065,-0.010785350473679145,0.8300000000000001,40.93420161988481,6.834730022544896,0.3933343544701657,3.0,2.0,1.160259531329696,0.02780557809916957,53.83676711516494,2.0
40.0,40.0,1.243575719356084,-0.022781962676022262,0.8200000000000001,54.46799877839379,6.874395269333178,0.3933343544701657,3.0,2.0,1.160259531329696,0.02780557809916957,36.22528728996978,2.0
40.0,50.0,0.9946593801161896,-0.02489163392398943,0.75,65.47622535054761,6.914549537548027,0.3933343544701657,3.0,2.0,1.160259531329696,0.02780557809916957,23.456674749104344,2.0
40.0,60.0,0.7681048056545485,-0.022655457446164106,0.7000000000000001,74.2570128027361,6.9551163912576754,0.3933343544701657,3.0,2.0,1.160259531329696,0.02780557809916957,15.12941693749609,2.0
40.0,70.0,0.6077050617236708,-0.016039974393087776,0.65,81.14266038673566,6.9960186091504255,0.3933343544701657,2.0,2.0,1.160259531329696,0.02780557809916957,10.782755513339302,2.0
40.0,80.0,0.5137314027264104,-0.00939736589972604,0.65,86.61410964659648,7.037178331529773,0.3933343544701657,2.0,2.0,1.160259531329696,0.02780557809916957,9.047821048395363,2.0
40.0,90.0,0.39887961450755327,-0.011485178821885711,0.61,91.188640786431,7.078517208524822,0.3933343544701657,2.0,2.0,1.160259531329696,0.02780557809916957,8.143868527093638,2.0
40.0,100.0,0.3619729841942956,-0.0036906630313257695,0.61,94.99765773041702,7.119956549233649,0.3933343544701657,2.0,2.0,1.160259531329696,0.02780557809916957,14.846017336055963,2.0
40.0,110.0,0.3115221455825967,-0.005045083861169886,0.6,98.52406647167777,7.161417471515961,0.3933343544701657,2.0,2.0,1.160259531329696,0.02780557809916957,44.4141773536583,2.0
40.0,120.0,0.2934841099652985,-0.001803803561729822,0.62,101.5028899113908,7.202821052149709,0.3933343544701657,2.0,2.0,1.160259531329696,0.02780557809916957,77.33218823177923,2.0
40.0,130.0,1.8783179395587446,0.1584833829593446,0.67,104.18623318715723,8.765820213814717,0.3933343544701657,3.0,3.0,0.5174862694351612,0.004053625945382633,102.55899559746446,2.0
40.0,140.0,1.7189760404348888,-0.015934189912385578,1.0,104.18623318715723,8.806872928124601,0.3933343544701657,3.0,2.0,1.160259531329696,0.02780557809916957,82.76960649344976,2.0
40.0,150.0,1.5624437254893948,-0.0156532314945494,1.0,104.18623318715723,8.847632785653172,0.3933343544701657,3.0,2.0,1.160259531329696,0.02780557809916957,57.95600610847293,2.0
40.0,160.0,1.2607867246507531,-0.030165700083864166,1.0,104.18623318715723,8.88802219769499,0.3933343544701657,3.0,1.0,1.160259531329696,0.02780557809916957,33.90665948078472,2.0
40.0,170.0,0.8791614738717257,-0.03816252507790274,0.92,112.33835051436951,8.92796428070864,0.3933343544701657,3.0,1.0,1.160259531329696,0.02780557809916957,16.10870397083553,2.0
40.0,180.0,0.5690384942386224,-0.031012297963310332,0.81,119.47304429344341,8.96738300266895,0.3933343544701657,2.0,1.0,1.160259531329696,0.02780557809916957,8.576003999700653,2.0
40.0,190.0,0.33859405353919314,-0.023044444069942927,0.75,124.05734623690739,9.006203327798264,0.3933343544701657,2.0,2.0,0.4916119559634031,0.004864351134459159,5.7544042047105535,2.0
40.0,200.0,0.2281514399748552,-0.011044261356433794,0.7000000000000001,126.92553151528591,9.04435135940128,0.3933343544701657,2.0,2.0,0.4916119559634031,0.004864351134459159,4.323866825672485,2.0
40.0,210.0,0.2008187623274793,-0.0027332677647375903,0.68,128.9155351356204,9.081754480531654,0.3933343544701657,2.0,2.0,0.4916119559634031,0.004864351134459159,3.6703862067440016,2.0
40.0,220.0,0.10404476583254052,-0.009677399649493879,0.66,130.32474062976002,9.118341492222466,0.3933343544701657,2.0,2.0,0.4916119559634031,0.004864351134459159,3.537807406007393,2.0
40.0,230.0,0.10791084864040457,0.00038660828078640463,0.66,131.25854317715485,9.154042749017488,0.3933343544701657,2.0,2.0,0.4916119559634031,0.004864351134459159,3.794301096648319,2.0
40.0,240.0,0.11860517538081794,0.0010694326740413374,0.65,132.38733179221947,9.188790291545292,0.3933343544701657,2.0,2.0,0.4916119559634031,0.004864351134459159,3.8329899005867967,2.0
40.0,250.0,0.11417241105225528,-0.0004432764328562655,0.7000000000000001,133.8167339663371,9.222517975883736,0.3933343544701657,2.0,2.0,0.4916119559634031,0.004864351134459159,3.4108071250413574,2.0
40.0,260.0,0.16100059147140655,0.004682818041915127,0.71,135.0055041934874,9.255161599468746,0.3933343544701657,2.0,2.0,0.4916119559634031,0.004864351134459159,3.091177088265155,2.0
40.0,270.0,0.12284406159094985,-0.00381565298804567,0.7000000000000001,136.37322838665008,9.286659023307475,0.3933343544701657,2.0,2.0,0.4916119559634031,0.004864351134459159,2.510316960222171,2.0
40.0,280.0,0.1154227056603716,-0.0007421355930578244,0.6900000000000001,137.4724881376424,9.316950290263453,0.3933343544701657,2.0,2.0,0.4916119559634031,0.004864351134459159,2.034315880101018,2.0
40.0,290.0,0.054087407483951466,-0.0061335298176420135,0.67,138.44168498374827,9.345977739188381,0.3933343544701657,2.0,2.0,0.4916119559634031,0.004864351134459159,1.5955600556626586,2.0
40.0,300.0,0.06468301252379405,0.0010595605039842582,0.67,138.68828887733994,9.373686114683426,0.3933343544701657,2.0,2.0,0.4916119559634031,0.004864351134459159,1.774295442418139,2.0
41.0,0.0,0.5679706966797156,0.0,0.0,0.0,10.857224180279864,0.17971635058536314,2.0,2.0,1.0126299382714712,0.007686996889070713,44.308853308604455,0.0
41.0,10.0,1.0683621974954605,0.05003915008157449,0.56,7.831186171471202,10.881549733171582,0.17971635058536314,3.0,3.0,1.0126299382714712,0.007686996889070713,41.774108252317085,0.0
41.0,20.0,1.1981838693163809,0.012982167182092042,0.7000000000000001,19.650387663135465,10.90573833679629,0.17971635058536314,3.0,2.0,1.0126299382714712,0.007686996889070713,27.738283057437886,0.0
41.0,30.0,0.9049696996980323,-0.029321416961834858,0.61,30.631855215639487,10.929743946772206,0.17971635058536314,3.0,1.0,1.0126299382714712,0.007686996889070713,22.034412655770637,0.0
41.0,40.0,0.6575485507751431,-0.024742114892288926,0.49,38.388547040558514,10.953520867056348,0.17971635058536314,2.0,2.0,1.0126299382714712,0.007686996889070713,39.199594530716766,0.0
41.0,50.0,0.8695234930100533,0.02119749422349102,0.61,45.133914559811984,10.977023836929554,0.5383550714121292,3.0,2.0,1.0126299382714712,0.007686996889070713,67.39528285318715,0.0
41.0,60.0,1.286343119909386,0.04168196268993327,0.88,55.91363848503969,11.000208117152866,0.5383550714121292,3.0,3.0,1.0126299382714712,0.007686996889070713,69.77387005165973,0.0
41.0,70.0,1.3755822458820788,0.008923912597269278,1.0,68.18419079674267,11.023029575131162,0.5383550714121292,3.0,2.0,1.0126299382714712,0.007686996889070713,55.22191785037783,0.0
41.0,80.0,1.2039933002032512,-0.017158894567882756,0.96,81.09817247036186,11.045444768922088,0.5383550714121292,3.0,2.0,1.0126299382714712,0.007686996889070713,37.178751851806375,0.0
41.0,90.0,0.9276727853742379,-0.02763205148290133,0.86,91.85330832141852,11.067411029930277,0.5383550714121292,3.0,1.0,1.0126299382714712,0.007686996889070713,27.039038512160175,0.0
41.0,100.0,0.8111780689839279,-0.011649471639031007,0.8300000000000001,100.42757765196406,11.088886544129409,0.5383550714121292,3.0,2.0,1.0126299382714712,0.007686996889070713,25.13407636930199,0.0
41.0,110.0,0.784706262281162,-0.002647180670276583,0.85,108.30897795332254,11.109830431657628,0.5383550714121292,3.0,2.0,1.0126299382714712,0.007686996889070713,24.505135814220914,0.0
41.0,120.0,0.7670898805839386,-0.001761638169722346,0.86,115.89630770311533,11.130202824634644,0.5383550714121292,3.0,2.0,1.0126299382714712,0.007686996889070713,23.056947314935663,0.0
41.0,130.0,0.6895259126776985,-0.0077563967906240094,0.86,123.2619703706368,11.149964943052538,0.5383550714121292,2.0,2.0,1.0126299382714712,0.007686996889070713,20.04857415435476,0.0
41.0,140.0,0.6810349500619388,-0.0008490962615759657,0.88,130.32872366904022,11.169079168595694,0.5383550714121292,2.0,2.0,1.0126299382714712,0.007686996889070713,16.523009316420424,0.0
41.0,150.0,0.596640105702722,-0.008439484435921685,0.88,136.8645050656501,11.187509116249409,0.5383550714121292,2.0,2.0,1.0126299382714712,0.007686996889070713,13.141049251285434,0.0
41.0,160.0,0.5380522921198114,-0.005858781358291054,0.86,142.5453813611071,11.205219703560836,0.5383550714121292,2.0,2.0,1.0126299382714712,0.007686996889070713,11.498041816551538,0.0
41.0,170.0,0.49843801051353864,-0.003961428160627278,0.86,147.8242192791011,11.222177217420423,0.5383550714121292,2.0,2.0,1.0126299382714712,0.007686996889070713,10.27338451812384,0.0
41.0,180.0,0.491974837219729,-0.0006463173293809632,0.87,152.74773377829638,11.238349378236741,0.5383550714121292,2.0,2.0,0.5433605829069192,0.004458988539920897,10.988137446087674,0.0
41.0,190.0,0.45454572277510863,-0.003742911444462038,0.88,157.4844974143909,11.253705401382497,0.5383550714121292,2.0,2.0,0.5174862694351612,0.004053625945382633,11.787385961160755,0.0
41.0,200.0,0.43580579166708233,-0.0018739931108026297,0.88,161.86030981168508,11.268216055794866,0.17971635058536314,2.0,2.0,0.5174862694351612,0.004053625945382633,14.336328165757998,0.0
41.0,210.0,-0.1465550208983437,-0.0582360812565426,0.62,163.5748109054994,11.28185371961844,0.17971635058536314,2.0,1.0,0.5174862694351612,0.004053625945382633,16.454742958861715,0.0
41.0,220.0,-0.4918285806611884,-0.034527355976284466,0.4,160.16228988618298,11.29459243278501,0.17971635058536314,1.0,1.0,0.5174862694351612,0.004053625945382633,13.48307250589366,0.0
41.0,230.0,-0.46794768568208767,0.002388089497910073,0.38,155.08217913701034,11.306407946430049,0.17971635058536314,1.0,2.0,0.5174862694351612,0.004053625945382633,8.181083610065713,0.0
41.0,240.0,-0.24985411729927876,0.02180935683828089,0.48,151.39265202364052,11.317277769051785,0.17971635058536314,2.0,2.0,0.5174862694351612,0.004053625945382633,5.354375667373558,0.0
41.0,250.0,-0.10102290675974857,0.014883121053953018,0.55,149.735474892031,11.327181209325055,0.17971635058536314,2.0,2.0,0.5174862694351612,0.004053625945382633,5.576130905834145,0.0
41.0,260.0,-0.10519004099145945,-0.00041671342317108897,0.54,148.57173427255404,11.336099415488427,0.17971635058536314,2.0,2.0,0.5174862694351612,0.004053625945382633,6.192224738845744,0.0
41.0,270.0,-0.1114118829517885,-0.0006221841960329044,0.53,147.3406821936241,11.344015411229584,0.17971635058536314,2.0,2.0,0.5174862694351612,0.004053625945382633,6.488918095074452,0.0
41.0,280.0,-0.18598622551908406,-0.007457434256729556,0.49,145.95341502027338,11.350914128000717,0.17971635058536314,2.0,2.0,0.5174862694351612,0.004053625945382633,6.107925886279797,0.0
41.0,290.0,-0.17573932090245137,0.001024690461663269,0.5,144.253981291913,11.356782433702364,0.17971635058536314,2.0,2.0,0.5174862694351612,0.004053625945382633,5.302269986017147,0.0
41.0,300.0,-0.1613607569678237,0.0014378563934627664,0.5,142.644104895481,11.36160915768108,0.17971635058536314,2.0,2.0,0.5174862694351612,0.004053625945382633,4.52666903740878,0.0
41.0,0.0,0.5314206425282819,0.0,0.0,0.0,10.857224180279864,0.17971635058536314,2.0,2.0,1.0126299382714712,0.007686996889070713,44.12610432447826,1.0
41.0,10.0,1.073323762226515,0.05419031196982331,0.75,5.702929547169315,10.881549733171582,0.17971635058536314,3.0,3.0,1.0126299382714712,0.007686996889070713,31.905082029531112,1.0
41.0,20.0,1.0116796115201971,-0.00616441507063179,1.0,5.702929547169315,10.90573833679629,0.17971635058536314,3.0,2.0,1.0126299382714712,0.007686996889070713,14.560738649257413,1.0
41.0,30.0,0.3544802791493922,-0.0657199332370805,0.62,11.190154837360769,10.929743946772206,0.17971635058536314,2.0,1.0,1.0126299382714712,0.007686996889070713,26.914550214921576,1.0
41.0,40.0,-0.1113668914951873,-0.04658471706445795,0.0,12.331755944200552,10.953520867056348,0.17971635058536314,2.0,1.0,1.0126299382714712,0.007686996889070713,60.67339599138391,1.0
41.0,50.0,0.5351685454790776,0.06465354369742649,0.4,13.34130286053341,10.977023836929554,0.5383550714121292,2.0,3.0,1.0126299382714712,0.007686996889070713,91.22104661899391,1.0
41.0,60.0,1.4801306678828468,0.09449621224037692,0.9,16.134818178227114,11.000208117152866,0.5383550714121292,3.0,3.0,1.0126299382714712,0.007686996889070713,96.86051000808112,1.0
41.0,70.0,1.7053734459286218,0.022524277804577508,1.0,16.134818178227114,11.023029575131162,0.5383550714121292,3.0,2.0,1.0126299382714712,0.007686996889070713,79.93264820198212,1.0
41.0,80.0,1.511749227422282,-0.01936242185063399,1.0,16.134818178227114,11.045444768922088,0.5383550714121292,3.0,2.0,1.0126299382714712,0.007686996889070713,57.37139883423664,1.0
41.0,90.0,1.1969379375420068,-0.031481128988027504,1.0,16.134818178227114,11.067411029930277,0.5383550714121292,3.0,1.0,1.0126299382714712,0.007686996889070713,36.81913630695082,1.0
41.0,100.0,0.9217936996630627,-0.027514423787894416,1.0,16.134818178227114,11.088886544129409,0.5383550714121292,3.0,1.0,1.0126299382714712,0.007686996889070713,24.846465808662455,1.0
41.0,110.0,0.61632579465671,-0.030546790500635267,0.8,22.024613343249637,11.109830431657628,0.5383550714121292,2.0,1.0,1.0126299382714712,0.007686996889070713,23.064470642479495,1.0
41.0,120.0,0.5238218928294174,-0.009250390182729263,0.75,27.547713651528547,11.130202824634644,0.5383550714121292,2.0,2.0,1.0126299382714712,0.007686996889070713,24.14534891406414,1.0
41.0,130.0,0.5937603201080996,0.006993842727868227,0.87,33.08141942350743,11.149964943052538,0.5383550714121292,2.0,2.0,1.0126299382714712,0.007686996889070713,21.883019578618917,1.0
41.0,140.0,0.6662050388276661,0.007244471871956648,0.98,39.543444272428964,11.169079168595694,0.5383550714121292,2.0,2.0,1.0126299382714712,0.007686996889070713,16.831077798932473,1.0
41.0,150.0,0.5550599299584249,-0.011114510886924122,0.93,45.82517491453795,11.187509116249409,0.5383550714121292,2.0,2.0,1.0126299382714712,0.007686996889070713,13.723504661479264,1.0
41.0,160.0,0.3693483377170921,-0.01857115922413328,0.79,50.36258815100767,11.205219703560836,0.5383550714121292,2.0,2.0,1.0126299382714712,0.007686996889070713,14.00163251178439,1.0
41.0,170.0,0.36375837561730506,-0.0005589962099787016,0.79,53.83470727262073,11.222177217420423,0.5383550714121292,2.0,2.0,1.0126299382714712,0.007686996889070713,14.148750660971535,1.0
41.0,180.0,0.44912048030579754,0.008536210468849248,0.9,57.99294970018616,11.238349378236741,0.5383550714121292,2.0,2.0,1.0126299382714712,0.007686996889070713,11.685166886473539,1.0
41.0,190.0,0.505886782699605,0.005676630239380742,0.97,62.8784556205811,11.253705401382497,0.5383550714121292,2.0,2.0,0.4916119559634031,0.004864351134459159,7.366458945260269,1.0
41.0,200.0,0.2858059804962565,-0.022008080220334847,0.86,66.84156844057978,11.268216055794866,0.17971635058536314,2.0,2.0,0.5174862694351612,0.004053625945382633,9.312878517603993,1.0
41.0,210.0,-0.28552043650847736,-0.057132641700473386,0.36,66.89866132645031,11.28185371961844,0.17971635058536314,2.0,1.0,1.0126299382714712,0.007686996889070713,12.098275514056905,1.0
41.0,220.0,-0.40842218904468197,-0.012290175253620462,0.0,62.83529213926285,11.29459243278501,0.17971635058536314,1.0,2.0,1.0126299382714712,0.007686996889070713,9.612350448166003,1.0
41.0,230.0,0.1491771406552047,0.05575993296998867,0.51,61.16528990148835,11.306407946430049,0.17971635058536314,2.0,3.0,1.0126299382714712,0.007686996889070713,10.064505050049215,1.0
41.0,240.0,0.46126015377711127,0.031208301312190656,0.96,64.62281830505225,11.317277769051785,0.17971635058536314,2.0,3.0,0.4916119559634031,0.004864351134459159,4.947413070372886,1.0
41.0,250.0,0.09415200815032065,-0.036710814562679064,0.7000000000000001,68.02571337982491,11.327181209325055,0.17971635058536314,2.0,1.0,0.439863329019887,0.004661669837190028,8.406308413090647,1.0
41.0,260.0,-0.3712483782313214,-0.04654003863816421,0.25,66.63431196265807,11.336099415488427,0.17971635058536314,2.0,1.0,1.0126299382714712,0.007686996889070713,9.542789885943815,1.0
41.0,270.0,-0.20059698115137437,0.017065139707994705,0.25,63.157039780157376,11.344015411229584,0.17971635058536314,2.0,2.0,1.0126299382714712,0.007686996889070713,6.130778551567774,1.0
41.0,280.0,0.26814266877599024,0.04687396499273646,0.7000000000000001,63.411025792917656,11.350914128000717,0.17971635058536314,2.0,3.0,1.0126299382714712,0.007686996889070713,7.779052571677218,1.0
41.0,290.0,0.2594428210128328,-0.0008699847763157465,0.79,66.52520540526986,11.356782433702364,0.17971635058536314,2.0,2.0,0.4916119559634031,0.004864351134459159,4.653675247004816,1.0
41.0,300.0,-0.12647055200797297,-0.03859133730208057,0.42,67.37352785206622,11.36160915768108,0.17971635058536314,2.0,1.0,1.0126299382714712,0.007686996889070713,6.588410597306104,1.0
41.0,0.0,0.5345992875543786,0.0,0.0,0.0,10.857224180279864,0.17971635058536314,2.0,2.0,1.0126299382714712,0.007686996889070713,44.14199743771451,2.0
41.0,10.0,1.11810395416871,0.058350466661433134,0.5,7.776214125274276,10.881549733171582,0.17971635058536314,3.0,3.0,1.0126299382714712,0.007686996889070713,48.92772850654415,2.0
41.0,20.0,1.3052408442898304,0.018713689012112057,0.67,20.150927478532516,10.90573833679629,0.17971635058536314,3.0,2.0,1.0126299382714712,0.007686996889070713,36.2705875589072,2.0
41.0,30.0,1.1227353562153723,-0.01825054880744581,0.65,32.60075732007404,10.929743946772206,0.17971635058536314,3.0,2.0,1.0126299382714712,0.007686996889070713,27.969106933275068,2.0
41.0,40.0,0.7820662362492037,-0.034066911996616864,0.56,42.23124728452302,10.953520867056348,0.17971635058536314,3.0,1.0,1.0126299382714712,0.007686996889070713,41.36429057552035,2.0
41.0,50.0,0.968458572620559,0.018639233637135533,0.64,50.081960590892976,10.977023836929554,0.5383550714121292,3.0,2.0,1.0126299382714712,0.007686996889070713,66.56132022785224,2.0
41.0,60.0,1.2987568120966984,0.03302982394761393,0.84,61.22026861595401,11.000208117152866,0.5383550714121292,3.0,3.0,1.0126299382714712,0.007686996889070713,70.9363399777721,2.0
41.0,70.0,1.3789019950536243,0.008014518295692597,0.96,74.88045407411087,11.023029575131162,0.5383550714121292,3.0,2.0,1.0126299382714712,0.007686996889070713,59.78244341971141,2.0
41.0,80.0,1.230683351747711,-0.01482186433059134,0.97,88.30726683638264,11.045444768922088,0.5383550714121292,3.0,2.0,1.0126299382714712,0.007686996889070713,41.86434661750389,2.0
41.0,90.0,1.0115065979963553,-0.02191767537513556,0.93,99.60851554259739,11.067411029930277,0.5383550714121292,3.0,2.0,1.0126299382714712,0.007686996889070713,28.579521130296744,2.0
41.0,100.0,0.8212406674061263,-0.0190265930590229,0.87,108.79282124684337,11.088886544129409,0.5383550714121292,3.0,2.0,1.0126299382714712,0.007686996889070713,21.62448036417189,2.0
41.0,110.0,0.6912772922508417,-0.012996337515528467,0.85,116.25325545706829,11.109830431657628,0.5383550714121292,2.0,2.0,1.0126299382714712,0.007686996889070713,18.82141276890533,2.0
41.0,120.0,0.6296286481986009,-0.00616486440522408,0.86,122.89474759948615,11.130202824634644,0.5383550714121292,2.0,2.0,1.0126299382714712,0.007686996889070713,17.151555491897373,2.0
41.0,130.0,0.6212443040091387,-0.0008384344189462211,0.88,129.1946062443958,11.149964943052538,0.5383550714121292,2.0,2.0,1.0126299382714712,0.007686996889070713,15.100835711960553,2.0
41.0,140.0,0.5878454988450059,-0.003339880516413274,0.9,135.37921905164632,11.169079168595694,0.5383550714121292,2.0,2.0,1.0126299382714712,0.007686996889070713,11.759362229846051,2.0
41.0,150.0,0.48928557062035694,-0.0098559928224649,0.87,140.85393693850924,11.187509116249409,0.5383550714121292,2.0,2.0,1.0126299382714712,0.007686996889070713,9.291928385486052,2.0
41.0,160.0,0.47546347924696875,-0.001382209137338819,0.88,145.6295679330572,11.205219703560836,0.5383550714121292,2.0,2.0,1.0126299382714712,0.007686996889070713,8.061303691421958,2.0
41.0,170.0,0.3578246145320314,-0.011763886471493734,0.87,149.79536798882853,11.222177217420423,0.5383550714121292,2.0,2.0,1.0126299382714712,0.007686996889070713,7.191965016152576,2.0
41.0,180.0,0.31646840841133184,-0.004135620612069957,0.86,153.4475396231877,11.238349378236741,0.5383550714121292,2.0,2.0,0.5433605829069192,0.004458988539920897,8.918809586142551,2.0
41.0,190.0,0.30165736772775276,-0.0014811040683579079,0.86,156.70846258152983,11.253705401382497,0.5383550714121292,2.0,2.0,0.5174862694351612,0.004053625945382633,9.804779265498686,2.0
41.0,200.0,0.2973799187138546,-0.0004277449013898149,0.89,159.8193238633039,11.268216055794866,0.17971635058536314,2.0,2.0,0.5174862694351612,0.004053625945382633,13.771553330802288,2.0
41.0,210.0,-0.249111867084995,-0.05464917857988496,0.66,160.53505435095448,11.28185371961844,0.17971635058536314,2.0,1.0,0.5174862694351612,0.004053625945382633,20.517141779299056,2.0
41.0,220.0,-0.6323140418287423,-0.03832021747437473,0.45,155.99931771017015,11.29459243278501,0.17971635058536314,1.0,1.0,0.5174862694351612,0.004053625945382633,19.94644006773735,2.0
41.0,230.0,-0.6913536227280126,-0.00590395808992703,0.39,149.16111379531742,11.306407946430049,0.17971635058536314,1.0,2.0,0.5174862694351612,0.004053625945382633,13.408506643143738,2.0
41.0,240.0,-0.5223381641283567,0.016901545859965596,0.43,142.9726439052755,11.317277769051785,0.17971635058536314,1.0,2.0,0.5174862694351612,0.004053625945382633,7.62222171938093,2.0
41.0,250.0,-0.3312303270201191,0.019110783710823753,0.49,138.63493969768035,11.327181209325055,0.17971635058536314,2.0,2.0,0.5174862694351612,0.004053625945382633,5.170857342563483,2.0
41.0,260.0,-0.22749376791911402,0.01037365591010051,0.53,136.06418793389545,11.336099415488427,0.17971635058536314,2.0,2.0,0.5174862694351612,0.004053625945382633,5.141561242144073,2.0
41.0,270.0,-0.18995443233040632,0.00375393355887077,0.54,133.8850067553759,11.344015411229584,0.17971635058536314,2.0,2.0,0.5174862694351612,0.004053625945382633,5.182140265398266,2.0
41.0,280.0,-0.18045077989240355,0.0009503652438002774,0.52,131.67903745693937,11.350914128000717,0.17971635058536314,2.0,2.0,0.5174862694351612,0.004053625945382633,5.008999413484825,2.0
41.0,290.0,-0.24547638530910731,-0.006502560541670377,0.5,129.4532290613963,11.356782433702364,0.17971635058536314,2.0,2.0,0.5174862694351612,0.004053625945382633,4.711892739306032,2.0
41.0,300.0,-0.2215968878468395,0.0023879497462267808,0.48,127.12401433978587,11.36160915768108,0.17971635058536314,2.0,2.0,0.5174862694351612,0.004053625945382633,3.9794865497161878,2.0
42.0,0.0,0.6730695321260214,0.0,0.0,0.0,14.475444147051245,0.11808027059233875,2.0,2.0,0.9865763756811551,1.2852739092555012e-05,73.91206984529475,0.0
42.0,10.0,1.5148591197717032,0.08417895876456818,0.75,10.35045705129031,14.555054189388219,0.11808027059233875,3.0,3.0,0.5174862694351612,0.004053625945382633,57.21236900813988,0.0
42.0,20.0,1.5985476075711915,0.008368848779948835,0.96,26.999202429068276,14.63362214289511,0.11808027059233875,3.0,2.0,0.439863329019887,0.004661669837190028,28.636350671218405,0.0
42.0,30.0,0.5534097392203954,-0.10451378683507961,0.55,38.69094612508307,14.710998449006926,0.11808027059233875,2.0,1.0,0.9865763756811551,1.2852739092555012e-05,16.63182719153985,0.0
42.0,40.0,-0.5163894144693195,-0.10697991536897149,0.0,39.30107084820626,14.78703581752718,0.11808027059233875,1.0,1.0,0.4916119559634031,0.004864351134459159,27.49291668848301,0.0
42.0,50.0,-0.510705886749065,0.0005683527720254488,0.0,39.30107084820626,14.861589507003227,0.11808027059233875,1.0,2.0,0.5433605829069192,0.004458988539920897,39.0268599288375,0.0
42.0,60.0,0.2932587065903043,0.08039645933393694,0.26,39.151391705392044,14.934517600249787,0.11808027059233875,2.0,3.0,0.5433605829069192,0.004458988539920897,44.118892212315046,0.0
42.0,70.0,1.1196670438104128,0.08264083372201085,0.76,46.393477174389375,15.005681274496407,0.11808027059233875,3.0,3.0,0.5174862694351612,0.004053625945382633,36.40359218459137,0.0
42.0,80.0,1.0565111726955294,-0.006315587111488341,0.81,58.23873593873102,15.074945065644474,0.11808027059233875,3.0,2.0,0.5174862694351612,0.004053625945382633,19.341458122508662,0.0
42.0,90.0,0.27180108894006594,-0.07847100837554635,0.45,65.47708009454539,15.14217712613085,0.11808027059233875,2.0,1.0,0.5174862694351612,0.004053625945382633,13.111320199124206,0.0
42.0,100.0,-0.48204131264258265,-0.07538424015826486,0.0,64.15800261351738,15.207249475907172,0.11808027059233875,1.0,1.0,0.4916119559634031,0.004864351134459159,23.260498392473036,0.0
42.0,110.0,-0.32698278301807093,0.015505852962451171,0.0,62.406786852829256,15.270038246057172,0.11808027059233875,2.0,2.0,0.4916119559634031,0.004864351134459159,26.7653028752301,0.0
42.0,120.0,0.5371235530223615,0.08641063360404325,0.47000000000000003,62.69402231711399,15.330423914588192,0.11808027059233875,2.0,3.0,0.5433605829069192,0.004458988539920897,34.11581956887257,0.0
42.0,130.0,1.066684334152992,0.05295607811306304,0.81,71.04117565097394,15.388291533948081,0.11808027059233875,3.0,3.0,0.439863329019887,0.004661669837190028,27.36083514222546,0.0
42.0,140.0,0.6336487825549781,-0.043303555159801374,0.7000000000000001,80.82543693518362,15.443530949834415,0.11808027059233875,2.0,1.0,0.9865763756811551,1.2852739092555012e-05,11.53261651502627,0.0
42.0,150.0,-0.2530448048276064,-0.08866935873825846,0.25,83.09885366776471,15.496037010879437,0.11808027059233875,2.0,1.0,0.439863329019887,0.004661669837190028,19.642952653794474,0.0
42.0,160.0,-0.676565770863963,-0.04235209660363566,0.0,79.94548598935084,15.545709768811715,0.11808027059233875,1.0,1.0,0.4916119559634031,0.004864351134459159,21.571821651657903,0.0
42.0,170.0,-0.15332173425406737,0.05232440366098956,0.25,76.30642701477043,15.592454668713298,0.11808027059233875,2.0,3.0,0.4916119559634031,0.004864351134459159,31.55376334204209,0.0
42.0,180.0,0.7271484653858202,0.08804701996398875,0.66,79.11769041985458,15.636182729010425,0.11808027059233875,2.0,3.0,0.9865763756811551,1.2852739092555012e-05,37.176982205051495,0.0
42.0,190.0,0.9138714250492619,0.018672295966344166,0.84,88.3487579399268,15.67681071085497,0.392845615675535,3.0,2.0,0.5433605829069192,0.004458988539920897,26.39560595911971,0.0
42.0,200.0,0.9442767196511461,0.0030405294601884235,0.89,97.760347538059,15.714261276574359,0.392845615675535,3.0,2.0,0.9865763756811551,1.2852739092555012e-05,14.433730693500213,0.0
42.0,210.0,0.5208303160991932,-0.04234464035519529,0.71,105.27183075463053,15.748463136888187,0.392845615675535,2.0,1.0,0.9865763756811551,1.2852739092555012e-05,8.582387220954413,0.0
42.0,220.0,-0.002887359111614529,-0.05237176752108077,0.48,108.26983389950334,15.779351186611446,0.11808027059233875,2.0,1.0,0.9865763756811551,1.2852739092555012e-05,18.05818699262592,0.0
42.0,230.0,-0.6711707036971752,-0.06682833445855607,0.0,105.19562508898848,15.806866628585919,0.11808027059233875,1.0,1.0,0.4916119559634031,0.004864351134459159,18.936170919945944,0.0
42.0,240.0,-0.6118788712330847,0.005929183246409053,0.0,98.52569271983751,15.830957085603938,0.11808027059233875,1.0,2.0,0.4916119559634031,0.004864351134459159,13.926184361675483,0.0
42.0,250.0,0.22024105927761894,0.08321199305107037,0.43,95.75615827701604,15.851576700111348,0.11808027059233875,2.0,3.0,0.5174862694351612,0.004053625945382633,21.181202466995977,0.0
42.0,260.0,0.7800721985113057,0.055983113923368674,0.81,100.98849821805725,15.86868622150001,0.11808027059233875,3.0,3.0,0.9865763756811551,1.2852739092555012e-05,14.714709688440625,0.0
42.0,270.0,0.48787883248512287,-0.029219336602618284,0.73,108.29783614828159,15.8822530808235,0.11808027059233875,2.0,1.0,0.9865763756811551,1.2852739092555012e-05,11.879883055337768,0.0
42.0,280.0,-0.4039045945636772,-0.08917834270488001,0.28,109.29381811073945,15.89225145279401,0.11808027059233875,1.0,1.0,0.5174862694351612,0.004053625945382633,23.505980963447634,0.0
42.0,290.0,-0.7743979639330512,-0.03704933693693739,0.0,103.07974015016765,15.898662304942231,0.11808027059233875,1.0,1.0,0.439863329019887,0.004661669837190028,15.03918155379215,0.0
42.0,300.0,-0.2591440616524352,0.051525390228061595,0.25,97.50174866247228,15.901473433846729,0.11808027059233875,2.0,3.0,0.4916119559634031,0.004864351134459159,15.78523203397531,0.0
42.0,0.0,0.7042822203410708,0.0,0.0,0.0,14.475444147051245,0.11808027059233875,2.0,2.0,0.9865763756811551,1.2852739092555012e-05,74.06813255387291,1.0
42.0,10.0,1.4864555061104099,0.0782173285769339,0.75,3.0507361962512043,14.555054189388219,0.11808027059233875,3.0,3.0,0.5174862694351612,0.004053625945382633,57.11701062822357,1.0
42.0,20.0,1.5213840910954701,0.003492858498506024,1.0,3.0507361962512043,14.63362214289511,0.11808027059233875,3.0,2.0,0.5174862694351612,0.004053625945382633,29.185455902726737,1.0
42.0,30.0,0.46572241320962604,-0.10556616778858441,0.8200000000000001,6.266891235787135,14.710998449006926,0.11808027059233875,2.0,1.0,0.5174862694351612,0.004053625945382633,37.296660008711754,1.0
42.0,40.0,-0.9252833350615965,-0.13910057482712226,0.0,7.292911234046411,14.78703581752718,0.11808027059233875,1.0,1.0,0.439863329019887,0.004661669837190028,42.162560048613635,1.0
42.0,50.0,-1.1208439234260474,-0.019556058836445088,0.0,7.292911234046411,14.861589507003227,0.11808027059233875,1.0,2.0,0.9865763756811551,1.2852739092555012e-05,43.06734444053907,1.0
42.0,60.0,-0.2515278114576738,0.08693161119683737,0.0,7.292911234046411,14.934517600249787,0.11808027059233875,2.0,3.0,0.9865763756811551,1.2852739092555012e-05,55.31729074977615,1.0
42.0,70.0,0.8121101749823545,0.10636379864400283,0.47000000000000003,10.040262875897888,15.005681274496407,0.11808027059233875,3.0,3.0,0.9865763756811551,1.2852739092555012e-05,53.51759081103384,1.0
42.0,80.0,1.4332555229952888,0.06211453480129343,0.97,12.75686876184087,15.074945065644474,0.11808027059233875,3.0,3.0,0.439863329019887,0.004661669837190028,32.150884476468576,1.0
42.0,90.0,0.8661307245145196,-0.056712479848076924,0.97,13.740883762250778,15.14217712613085,0.11808027059233875,3.0,1.0,0.5174862694351612,0.004053625945382633,37.66871591572194,1.0
42.0,100.0,-0.3730539635787906,-0.12391846880933102,0.0,17.084407390207698,15.207249475907172,0.11808027059233875,2.0,1.0,0.439863329019887,0.004661669837190028,32.430021599614136,1.0
42.0,110.0,-1.0095039786834583,-0.06364500151046677,0.0,17.084407390207698,15.270038246057172,0.11808027059233875,1.0,1.0,0.9865763756811551,1.2852739092555012e-05,40.76348614075197,1.0
42.0,120.0,-0.34263243162904544,0.06668715470544129,0.0,17.084407390207698,15.330423914588192,0.11808027059233875,2.0,3.0,0.9865763756811551,1.2852739092555012e-05,54.40330135337375,1.0
42.0,130.0,0.6842874988351362,0.10269199304641816,0.44,18.989527003773638,15.388291533948081,0.11808027059233875,2.0,3.0,0.9865763756811551,1.2852739092555012e-05,54.32122093214794,1.0
42.0,140.0,1.4529327290119625,0.07686452301768262,0.9400000000000001,22.33140332334188,15.443530949834415,0.11808027059233875,3.0,3.0,0.439863329019887,0.004661669837190028,36.195809086968026,1.0
42.0,150.0,1.0266946491729279,-0.04262380798390346,1.0,22.33140332334188,15.496037010879437,0.11808027059233875,3.0,1.0,0.5174862694351612,0.004053625945382633,37.30369239957677,1.0
42.0,160.0,-0.265862547942028,-0.12925571971149558,0.0,26.38956008847633,15.545709768811715,0.11808027059233875,2.0,1.0,0.439863329019887,0.004661669837190028,37.98912605853203,1.0
42.0,170.0,-1.1073083860650108,-0.08414458381229828,0.0,26.38956008847633,15.592454668713298,0.11808027059233875,1.0,1.0,0.5433605829069192,0.004458988539920897,49.92338056950737,1.0
42.0,180.0,-0.6096661357654476,0.049764225029956324,0.0,26.38956008847633,15.636182729010425,0.11808027059233875,1.0,3.0,0.5433605829069192,0.004458988539920897,89.26439823030978,1.0
42.0,190.0,0.41375801179700744,0.1023424147562455,0.27,26.85877800910566,15.67681071085497,0.392845615675535,2.0,3.0,0.5174862694351612,0.004053625945382633,146.55452141609499,1.0
42.0,200.0,2.030903318796476,0.16171453069994685,0.77,29.35787848797056,15.714261276574359,0.392845615675535,3.0,3.0,0.9865763756811551,1.2852739092555012e-05,145.41580976710472,1.0
42.0,210.0,2.8420507250673346,0.08111474062708587,1.0,29.35787848797056,15.748463136888187,0.392845615675535,3.0,3.0,0.439863329019887,0.004661669837190028,93.81474259524374,1.0
42.0,220.0,2.259527575023224,-0.05825231500441106,1.0,29.35787848797056,15.779351186611446,0.11808027059233875,3.0,1.0,0.439863329019887,0.004661669837190028,53.61057813158114,1.0
42.0,230.0,0.639623475815096,-0.1619904099208128,0.91,31.131040565460623,15.806866628585919,0.11808027059233875,2.0,1.0,0.9865763756811551,1.2852739092555012e-05,48.62365172233929,1.0
42.0,240.0,-0.9997769539019679,-0.1639400429717064,0.0,32.6374765476359,15.830957085603938,0.11808027059233875,1.0,1.0,0.439863329019887,0.004661669837190028,46.41208052483683,1.0
42.0,250.0,-1.1990716825066805,-0.019929472860471264,0.0,32.6374765476359,15.851576700111348,0.11808027059233875,1.0,2.0,0.4916119559634031,0.004864351134459159,43.76399802985214,1.0
42.0,260.0,-0.35401183565632977,0.08450598468503508,0.0,32.6374765476359,15.86868622150001,0.11808027059233875,2.0,3.0,0.5433605829069192,0.004458988539920897,53.46906718311596,1.0
42.0,270.0,0.7779625904389711,0.11319744260953009,0.44,34.880026123471765,15.8822530808235,0.11808027059233875,3.0,3.0,0.5433605829069192,0.004458988539920897,59.87362212807228,1.0
42.0,280.0,1.5663505751736864,0.07883879847347153,0.9400000000000001,37.53720884828978,15.89225145279401,0.11808027059233875,3.0,3.0,0.439863329019887,0.004661669837190028,42.267155595191944,1.0
42.0,290.0,1.1440863727250346,-0.042226420244865184,1.0,37.53720884828978,15.898662304942231,0.11808027059233875,3.0,1.0,0.5174862694351612,0.004053625945382633,38.05631053531387,1.0
42.0,300.0,-0.24080995999155164,-0.1384896332716586,0.0,41.288312916993135,15.901473433846729,0.11808027059233875,2.0,1.0,0.9865763756811551,1.2852739092555012e-05,33.943433909773304,1.0
42.0,0.0,0.6779020016030195,0.0,0.0,0.0,14.475444147051245,0.11808027059233875,2.0,2.0,0.9865763756811551,1.2852739092555012e-05,73.93623207927166,2.0
42.0,10.0,1.5095724777519095,0.083167047614889,0.67,10.318000106763048,14.555054189388219,0.11808027059233875,3.0,3.0,0.5174862694351612,0.004053625945382633,62.018325464381334,2.0
42.0,20.0,1.6956347037755748,0.01860622260236653,0.87,27.126485969258095,14.63362214289511,0.11808027059233875,3.0,2.0,0.439863329019887,0.004661669837190028,33.79181209071838,2.0
42.0,30.0,0.8432969470863583,-0.08523377566892165,0.6,40.67908738665912,14.710998449006926,0.11808027059233875,3.0,1.0,0.439863329019887,0.004661669837190028,11.747361632595585,2.0
42.0,40.0,-0.14934719786316464,-0.0992644144949523,0.25,44.15406178187017,14.78703581752718,0.11808027059233875,2.0,1.0,0.4916119559634031,0.004864351134459159,18.91417014717829,2.0
42.0,50.0,-0.3641103040060223,-0.021476310614285767,0.0,41.85611440222621,14.861589507003227,0.11808027059233875,2.0,2.0,0.4916119559634031,0.004864351134459159,32.96598438278615,2.0
42.0,60.0,0.22713785441731815,0.05912481584233405,0.25,40.022887719352696,14.934517600249787,0.11808027059233875,2.0,3.0,0.5433605829069192,0.004458988539920897,36.70233680140669,2.0
42.0,70.0,0.946001323030373,0.07188634686130549,0.62,45.74058950016665,15.005681274496407,0.11808027059233875,3.0,3.0,0.5174862694351612,0.004053625945382633,34.15066267602136,2.0
42.0,80.0,1.0932777534950802,0.014727643046470718,0.74,56.331958635839186,15.074945065644474,0.11808027059233875,3.0,2.0,0.439863329019887,0.004661669837190028,20.199311688184654,2.0
42.0,90.0,0.448860089744489,-0.06444176637505912,0.54,64.90237228440957,15.14217712613085,0.11808027059233875,2.0,1.0,0.5174862694351612,0.004053625945382633,8.821845806161022,2.0
42.0,100.0,-0.20817815103181303,-0.0657038240776302,0.25,66.26297960782173,15.207249475907172,0.11808027059233875,2.0,1.0,0.439863329019887,0.004661669837190028,10.75519812467842,2.0
42.0,110.0,-0.3870236949730739,-0.017884554394126083,0.25,62.76570948580212,15.270038246057172,0.11808027059233875,1.0,2.0,0.4916119559634031,0.004864351134459159,14.445032712241357,2.0
42.0,120.0,0.03736623174336273,0.04243899267164366,0.28,60.545778914073495,15.330423914588192,0.11808027059233875,2.0,3.0,0.4916119559634031,0.004864351134459159,16.0188130587281,2.0
42.0,130.0,0.4865738014926997,0.044920756974933695,0.5,63.07179308051272,15.388291533948081,0.11808027059233875,2.0,3.0,0.9865763756811551,1.2852739092555012e-05,15.561513319422946,2.0
42.0,140.0,0.739095796688833,0.025252199519613328,0.63,69.24797957553605,15.443530949834415,0.11808027059233875,2.0,3.0,0.9865763756811551,1.2852739092555012e-05,9.698346342776444,2.0
42.0,150.0,0.3055869918914986,-0.043350880479733435,0.51,74.91030166229083,15.496037010879437,0.11808027059233875,2.0,1.0,0.5174862694351612,0.004053625945382633,4.681463744842388,2.0
42.0,160.0,-0.07622570796342032,-0.03818126998549189,0.33,76.21348211691358,15.545709768811715,0.11808027059233875,2.0,1.0,0.4916119559634031,0.004864351134459159,6.812578569660834,2.0
42.0,170.0,-0.20731243562887514,-0.013108672766545482,0.25,74.38013102907524,15.592454668713298,0.11808027059233875,2.0,2.0,0.4916119559634031,0.004864351134459159,16.159435373754363,2.0
42.0,180.0,-0.05533227851158529,0.015198015711728985,0.32,72.88360967953427,15.636182729010425,0.11808027059233875,2.0,2.0,0.4916119559634031,0.004864351134459159,39.68881930031071,2.0
42.0,190.0,0.3251458562662535,0.038047813477783875,0.47000000000000003,74.30223497240917,15.67681071085497,0.392845615675535,2.0,3.0,0.5433605829069192,0.004458988539920897,55.30198893859532,2.0
42.0,200.0,1.1225633260676027,0.07974174698013492,0.84,81.19851369311569,15.714261276574359,0.392845615675535,3.0,3.0,0.5174862694351612,0.004053625945382633,53.09817697848989,2.0
42.0,210.0,1.387955207438523,0.02653918813709204,1.0,87.33352823867884,15.748463136888187,0.392845615675535,3.0,3.0,0.439863329019887,0.004661669837190028,53.73382935169437,2.0
42.0,220.0,0.806553012535101,-0.058140219490342204,0.86,96.4694565254174,15.779351186611446,0.11808027059233875,3.0,1.0,0.9865763756811551,1.2852739092555012e-05,38.19739693971113,2.0
42.0,230.0,-0.635836946908551,-0.1442389959443652,0.36,97.79737193738377,15.806866628585919,0.11808027059233875,1.0,1.0,0.9865763756811551,1.2852739092555012e-05,54.431069161903245,2.0
42.0,240.0,-1.3950104725546346,-0.07591735256460837,0.0,95.47248714774067,15.830957085603938,0.11808027059233875,1.0,1.0,0.4916119559634031,0.004864351134459159,41.14885514171784,2.0
42.0,250.0,-0.9121073057220741,0.04829031668325605,0.0,94.4965253028821,15.851576700111348,0.11808027059233875,1.0,3.0,0.4916119559634031,0.004864351134459159,25.98184868629516,2.0
42.0,260.0,0.14039852486627424,0.10525058305883483,0.44,90.05603886700355,15.86868622150001,0.11808027059233875,2.0,3.0,0.4916119559634031,0.004864351134459159,22.92029887993172,2.0
42.0,270.0,0.8234404976855245,0.06830419728192502,0.8,95.41633070629946,15.8822530808235,0.11808027059233875,3.0,3.0,0.9865763756811551,1.2852739092555012e-05,18.295814498028903,2.0
42.0,280.0,0.5776498291983145,-0.024579066848721,0.75,103.33996869434277,15.89225145279401,0.11808027059233875,2.0,2.0,0.9865763756811551,1.2852739092555012e-05,12.087143082429836,2.0
42.0,290.0,-0.28010995940101324,-0.08577597885993278,0.39,105.01730302368404,15.898662304942231,0.11808027059233875,2.0,1.0,0.9865763756811551,1.2852739092555012e-05,24.93548669640504,2.0
42.0,300.0,-0.8887473569024742,-0.0608637397501461,0.0,98.79088928663523,15.901473433846729,0.11808027059233875,1.0,1.0,0.439863329019887,0.004661669837190028,25.200238022116277,2.0
43.0,0.0,0.7187974974484632,0.0,0.0,0.0,11.056034911466384,0.11608750582450983,2.0,2.0,0.5433605829069192,0.004458988539920897,28.80837414069262,0.0
43.0,10.0,0.909505847390772,0.01907083499423088,0.51,8.368454703726798,11.121161606309627,0.11608750582450983,3.0,2.0,0.5433605829069192,0.004458988539920897,17.156774586649185,0.0
43.0,20.0,0.5651654185001576,-0.03443404288906145,0.39,16.08135087670823,11.181148296355353,0.11608750582450983,2.0,1.0,0.5433605829069192,0.004458988539920897,8.630345141017756,0.0
43.0,30.0,0.2897101827815618,-0.027545523571859576,0.25,20.325075052505696,11.235880793529638,0.11608750582450983,2.0,1.0,0.4467127555541722,0.006549110486422439,7.33209134556354,0.0
43.0,40.0,0.23539105295952467,-0.005431912982203713,0.25,22.765618554720035,11.285254911413332,0.11608750582450983,2.0,2.0,0.4467127555541722,0.006549110486422439,6.92166411709716,0.0
43.0,50.0,0.2229715499607643,-0.001241950299876038,0.25,25.00404377364359,11.329176663566784,0.11608750582450983,2.0,2.0,0.4467127555541722,0.006549110486422439,6.554400405544891,0.0
43.0,60.0,0.22298260011988802,1.1050159123726643e-06,0.25,27.33958594660087,11.367562442438441,0.11608750582450983,2.0,2.0,0.4467127555541722,0.006549110486422439,6.033783883191851,0.0
43.0,70.0,0.25358024114014555,0.003059764102025753,0.25,29.643504043472586,11.400339178516504,0.11608750582450983,2.0,2.0,0.4467127555541722,0.006549110486422439,5.521724268862347,0.0
43.0,80.0,0.272287077242499,0.0018706836102353464,0.26,32.12926927028748,11.427444479420934,0.11608750582450983,2.0,2.0,0.4467127555541722,0.006549110486422439,4.985401753028321,0.0
43.0,90.0,0.2529494281041842,-0.0019337649138314815,0.26,34.684140101046836,11.44882674867091,0.11608750582450983,2.0,2.0,0.4467127555541722,0.006549110486422439,4.063876783799948,0.0
43.0,100.0,0.19405251543958002,-0.005889691266460417,0.25,36.953641461144684,11.464445283901618,0.11608750582450983,2.0,2.0,0.4467127555541722,0.006549110486422439,3.722864628681475,0.0
43.0,110.0,0.22983781318997387,0.003578529775039385,0.27,39.103563630158106,11.474270354343545,0.11608750582450983,2.0,2.0,0.4467127555541722,0.006549110486422439,3.659989483994222,0.0
43.0,120.0,0.22566133952167888,-0.0004176473668294989,0.29,41.36610621507574,11.478283257416692,0.11608750582450983,2.0,2.0,0.4467127555541722,0.006549110486422439,3.425045865040059,0.0
43.0,130.0,0.1715563124486259,-0.005410502707305298,0.25,43.19264296045951,11.476476354331972,0.11608750582450983,2.0,2.0,0.4467127555541722,0.006549110486422439,3.2437796135455437,0.0
43.0,140.0,0.1384758537781181,-0.0033080458670507796,0.25,44.65774259871583,11.468853084632109,0.11608750582450983,2.0,2.0,0.4916119559634031,0.004864351134459159,3.4444565408876824,0.0
43.0,150.0,0.14901359347626197,0.0010537739698143866,0.27,46.24089098900569,11.455427959644254,0.11608750582450983,2.0,2.0,0.4916119559634031,0.004864351134459159,2.9767878379670596,0.0
43.0,160.0,0.1365359599561664,-0.0012477633520095565,0.27,47.743366696360354,11.43622653485685,0.11608750582450983,2.0,2.0,0.4916119559634031,0.004864351134459159,2.4713389394644905,0.0
43.0,170.0,0.12448241960499118,-0.0012053540351175229,0.26,49.16426756897488,11.411285361273329,0.11608750582450983,2.0,2.0,0.4467127555541722,0.006549110486422439,17.355042433014432,0.0
43.0,180.0,0.09753220510075877,-0.0026950214504232405,0.25,50.31140412901615,11.380651915835166,0.11608750582450983,2.0,2.0,0.4467127555541722,0.006549110486422439,39.60298671627967,0.0
43.0,190.0,0.11746775054205116,0.001993554544129239,0.27,51.38911081295396,11.34438451104684,0.11608750582450983,2.0,2.0,0.4467127555541722,0.006549110486422439,51.142622827969745,0.0
43.0,200.0,1.558408684845869,0.14409409343038176,0.47000000000000003,52.12261084756452,12.757661117955884,0.11608750582450983,3.0,3.0,0.5174862694351612,0.004053625945382633,46.52611617815927,0.0
43.0,210.0,1.3098705910088135,-0.024853809383705537,0.93,59.28504340208697,12.710343498812051,0.11608750582450983,3.0,2.0,0.5174862694351612,0.004053625945382633,21.00159823621723,0.0
43.0,220.0,0.4521912564235393,-0.08576793345852743,0.5700000000000001,68.88370551956598,12.65763065937395,0.11608750582450983,2.0,1.0,0.5174862694351612,0.004053625945382633,7.146912866804024,0.0
43.0,230.0,-0.2143861648049139,-0.06665774212284532,0.25,70.01100225640046,12.599622941527457,0.11608750582450983,2.0,1.0,0.5174862694351612,0.004053625945382633,6.438911233575199,0.0
43.0,240.0,-0.259096213247787,-0.004471004844287307,0.25,67.11900463372493,12.53643076626043,0.11608750582450983,2.0,2.0,0.439863329019887,0.004661669837190028,2.0348024500954986,0.0
43.0,250.0,-0.007476124474631973,0.0251620088773155,0.25,65.7493316433038,12.468174423470103,0.11608750582450983,2.0,3.0,0.5433605829069192,0.004458988539920897,1.2273973278536285,0.0
43.0,260.0,0.06312683850428158,0.0070602962978913554,0.3,66.0999051648409,12.394983842984416,0.11608750582450983,2.0,2.0,0.5174862694351612,0.004053625945382633,1.5680241522787042,0.0
43.0,270.0,0.07344234071998201,0.0010315502215700433,0.3,66.82146247047179,12.316998347233195,0.11608750582450983,2.0,2.0,0.5174862694351612,0.004053625945382633,0.9790672729521454,0.0
43.0,280.0,0.06035939133065327,-0.0013082949389328746,0.3,67.34919634855603,12.234366386040023,0.11608750582450983,2.0,2.0,0.5174862694351612,0.004053625945382633,0.5785029837560578,0.0
43.0,290.0,0.01633232554067021,-0.004402706578998305,0.28,67.62429619911043,12.147245254039504,0.11608750582450983,2.0,2.0,0.5174862694351612,0.004053625945382633,0.4453254022285571,0.0
43.0,300.0,0.020084304963752686,0.00037519794230824746,0.29,67.7899435505706,12.055800791258065,0.11608750582450983,2.0,2.0,0.5174862694351612,0.004053625945382633,0.3441275446742785,0.0
43.0,0.0,0.7188293430051012,0.0,0.0,0.0,11.056034911466384,0.11608750582450983,2.0,2.0,0.5433605829069192,0.004458988539920897,28.80853334932204,1.0
43.0,10.0,0.9169875949000712,0.019815825189497004,0.46,8.238186468476648,11.121161606309627,0.11608750582450983,3.0,2.0,0.5433605829069192,0.004458988539920897,19.20801395090205,1.0
43.0,20.0,0.662577844365277,-0.02544097505347942,0.41000000000000003,16.407034835338635,11.181148296355353,0.11608750582450983,2.0,1.0,0.5433605829069192,0.004458988539920897,9.924642486612306,1.0
43.0,30.0,0.3520248942780029,-0.03105529500872741,0.3,21.427088297134528,11.235880793529638,0.11608750582450983,2.0,1.0,0.4467127555541722,0.006549110486422439,6.696223525726867,1.0
43.0,40.0,0.18312898700172653,-0.016889590727627635,0.25,24.058256124413983,11.285254911413332,0.11608750582450983,2.0,2.0,0.4467127555541722,0.006549110486422439,6.013680702276809,1.0
43.0,50.0,0.1730795746501954,-0.0010049412351531117,0.25,25.800696377402662,11.329176663566784,0.11608750582450983,2.0,2.0,0.4467127555541722,0.006549110486422439,5.842755770308933,1.0
43.0,60.0,0.18534168459732925,0.0012262109947133836,0.26,27.544027101416198,11.367562442438441,0.11608750582450983,2.0,2.0,0.4467127555541722,0.006549110486422439,5.395850064789167,1.0
43.0,70.0,0.19115889621914306,0.0005817211621813812,0.28,29.44653372374584,11.400339178516504,0.11608750582450983,2.0,2.0,0.4467127555541722,0.006549110486422439,4.548381600426437,1.0
43.0,80.0,0.17062739000228788,-0.002053150621685518,0.28,31.16910104490333,11.427444479420934,0.11608750582450983,2.0,2.0,0.4467127555541722,0.006549110486422439,3.727770218804372,1.0
43.0,90.0,0.1229883308209665,-0.004763905918132139,0.27,32.696887454882734,11.44882674867091,0.11608750582450983,2.0,2.0,0.4467127555541722,0.006549110486422439,2.997726187167188,1.0
43.0,100.0,0.11686350669564405,-0.0006124824125322448,0.26,33.78804979469893,11.464445283901618,0.11608750582450983,2.0,2.0,0.4467127555541722,0.006549110486422439,2.5826550807336535,1.0
43.0,110.0,0.0693643445592187,-0.004749916213642536,0.27,34.74744086159397,11.474270354343545,0.11608750582450983,2.0,2.0,0.4467127555541722,0.006549110486422439,2.2423996107618347,1.0
43.0,120.0,0.09046812656973202,0.0021103782010513327,0.28,35.544253463628635,11.478283257416692,0.11608750582450983,2.0,2.0,0.4467127555541722,0.006549110486422439,1.8865617477591856,1.0
43.0,130.0,0.057525569416657873,-0.0032942557153074147,0.26,36.2858008906349,11.476476354331972,0.11608750582450983,2.0,2.0,0.4467127555541722,0.006549110486422439,1.6367436352701843,1.0
43.0,140.0,0.057262295700610366,-2.632737160475074e-05,0.27,36.930350597389776,11.468853084632109,0.11608750582450983,2.0,2.0,0.4467127555541722,0.006549110486422439,1.1667140506242168,1.0
43.0,150.0,0.024494815211120624,-0.003276748048948974,0.26,37.275248059112656,11.455427959644254,0.11608750582450983,2.0,2.0,0.4467127555541722,0.006549110486422439,1.154392200309222,1.0
43.0,160.0,0.033274562466196755,0.0008779747255076131,0.26,37.56409017577958,11.43622653485685,0.11608750582450983,2.0,2.0,0.4467127555541722,0.006549110486422439,1.1546102394481328,1.0
43.0,170.0,0.047312835845271906,0.001403827337907515,0.27,37.977532713350655,11.411285361273329,0.11608750582450983,2.0,2.0,0.4467127555541722,0.006549110486422439,18.39623920040568,1.0
43.0,180.0,0.006792952897182403,-0.00405198829480895,0.26,38.2981975602999,11.380651915835166,0.11608750582450983,2.0,2.0,0.4467127555541722,0.006549110486422439,45.546530678314156,1.0
43.0,190.0,0.024749806419762876,0.0017956853522580474,0.27,38.545186691268974,11.34438451104684,0.11608750582450983,2.0,2.0,0.4467127555541722,0.006549110486422439,57.257710192719564,1.0
43.0,200.0,1.4877813190943847,0.14630315126746218,0.46,44.73079712217502,12.757661117955884,0.11608750582450983,3.0,3.0,0.5174862694351612,0.004053625945382633,43.736802003611686,1.0
43.0,210.0,1.2615698964975053,-0.02262114225968794,0.96,57.5737188546004,12.710343498812051,0.11608750582450983,3.0,2.0,0.5174862694351612,0.004053625945382633,19.41285780725915,1.0
43.0,220.0,0.40167161438379395,-0.08598982821137113,0.67,66.76253119005887,12.65763065937395,0.11608750582450983,2.0,1.0,0.5174862694351612,0.004053625945382633,10.441998541765226,1.0
43.0,230.0,-0.4219423609087052,-0.08236139752924991,0.28,66.7330347389684,12.599622941527457,0.11608750582450983,1.0,1.0,0.439863329019887,0.004661669837190028,11.484921550313619,1.0
43.0,240.0,-0.5801728731007891,-0.015823051219208396,0.25,61.255499414287954,12.53643076626043,0.11608750582450983,1.0,2.0,0.4916119559634031,0.004864351134459159,11.683253767224958,1.0
43.0,250.0,-0.5171228894562354,0.006304998364455372,0.25,55.4793169905294,12.468174423470103,0.11608750582450983,1.0,2.0,0.4916119559634031,0.004864351134459159,7.921028507769391,1.0
43.0,260.0,-0.3026633073795715,0.021445958207666392,0.25,51.48042638510114,12.394983842984416,0.11608750582450983,2.0,2.0,0.439863329019887,0.004661669837190028,4.627075153073468,1.0
43.0,270.0,-0.21455202380614224,0.008811128357342924,0.25,48.992826937475385,12.316998347233195,0.11608750582450983,2.0,2.0,0.439863329019887,0.004661669837190028,3.935854854776358,1.0
43.0,280.0,-0.15001522987189375,0.0064536793934248495,0.25,47.18616681097039,12.234366386040023,0.11608750582450983,2.0,2.0,0.439863329019887,0.004661669837190028,2.183455665068142,1.0
43.0,290.0,-0.045015324596409556,0.010499990527548419,0.28,46.19626577479521,12.147245254039504,0.11608750582450983,2.0,2.0,0.4467127555541722,0.006549110486422439,1.4660116680235573,1.0
43.0,300.0,-0.04116653832510053,0.0003848786271309024,0.29,45.743376895386014,12.055800791258065,0.11608750582450983,2.0,2.0,0.4467127555541722,0.006549110486422439,1.2298161672438612,1.0
43.0,0.0,0.7235932954089357,0.0,0.0,0.0,11.056034911466384,0.11608750582450983,2.0,2.0,0.5433605829069192,0.004458988539920897,28.83235024602717,2.0
43.0,10.0,0.9163555702914543,0.019276227488251862,0.44,8.268329544709573,11.121161606309627,0.11608750582450983,3.0,2.0,0.5433605829069192,0.004458988539920897,19.688791530026986,2.0
43.0,20.0,0.6868356230942609,-0.022951994719719336,0.4,16.63211554718294,11.181148296355353,0.11608750582450983,2.0,2.0,0.5433605829069192,0.004458988539920897,10.778936107250553,2.0
43.0,30.0,0.4100625224722414,-0.027677310062201955,0.29,22.057782654755393,11.235880793529638,0.11608750582450983,2.0,1.0,0.4467127555541722,0.006549110486422439,7.514472961324711,2.0
43.0,40.0,0.2617739965858803,-0.01482885258863611,0.25,25.34671082405991,11.285254911413332,0.11608750582450983,2.0,2.0,0.4467127555541722,0.006549110486422439,6.777391878471447,2.0
43.0,50.0,0.2784825159309925,0.0016708519345112194,0.26,28.085948632824767,11.329176663566784,0.11608750582450983,2.0,2.0,0.4467127555541722,0.006549110486422439,6.109737851792803,2.0
43.0,60.0,0.2916525089984532,0.0013169993067460694,0.26,30.65641319775208,11.367562442438441,0.11608750582450983,2.0,2.0,0.4467127555541722,0.006549110486422439,5.564848084588951,2.0
43.0,70.0,0.25837388635794767,-0.003327862264050552,0.27,33.41775654639655,11.400339178516504,0.11608750582450983,2.0,2.0,0.4467127555541722,0.006549110486422439,4.56719837298786,2.0
43.0,80.0,0.228288339721626,-0.003008554663632168,0.27,35.90542732772845,11.427444479420934,0.11608750582450983,2.0,2.0,0.4467127555541722,0.006549110486422439,3.8144289421651516,2.0
43.0,90.0,0.20785408323386534,-0.0020434256487760647,0.27,38.05354533920875,11.44882674867091,0.11608750582450983,2.0,2.0,0.4467127555541722,0.006549110486422439,3.4978536703138468,2.0
43.0,100.0,0.1662945376458964,-0.004155954558796892,0.27,40.21848154430707,11.464445283901618,0.11608750582450983,2.0,2.0,0.4467127555541722,0.006549110486422439,3.1189512039309637,2.0
43.0,110.0,0.17237252618603804,0.0006077988540141632,0.27,41.96742768095048,11.474270354343545,0.11608750582450983,2.0,2.0,0.4467127555541722,0.006549110486422439,3.0998898525964664,2.0
43.0,120.0,0.13275616836947535,-0.00396163578165627,0.26,43.531104297145276,11.478283257416692,0.11608750582450983,2.0,2.0,0.4467127555541722,0.006549110486422439,3.0164011657648024,2.0
43.0,130.0,0.12943430639649733,-0.0003321861972978013,0.25,44.71405586711276,11.476476354331972,0.11608750582450983,2.0,2.0,0.4916119559634031,0.004864351134459159,3.210348541970064,2.0
43.0,140.0,0.11199475633587141,-0.001743955006062592,0.27,45.972710589544846,11.468853084632109,0.11608750582450983,2.0,2.0,0.4916119559634031,0.004864351134459159,2.821914823962724,2.0
43.0,150.0,0.10010530741913826,-0.0011889448916733159,0.26,47.12308474132958,11.455427959644254,0.11608750582450983,2.0,2.0,0.4916119559634031,0.004864351134459159,2.463726681899913,2.0
43.0,160.0,0.0938602993340183,-0.0006245008085119963,0.27,48.165473159063225,11.43622653485685,0.11608750582450983,2.0,2.0,0.4916119559634031,0.004864351134459159,2.105385774033461,2.0
43.0,170.0,0.1136846725103382,0.001982437317631991,0.28,49.17633693851661,11.411285361273329,0.11608750582450983,2.0,2.0,0.4467127555541722,0.006549110486422439,17.283346443808973,2.0
43.0,180.0,0.05620322227236585,-0.0057481450237972355,0.26,49.93993281791691,11.380651915835166,0.11608750582450983,2.0,2.0,0.4467127555541722,0.006549110486422439,39.46452668432562,2.0
43.0,190.0,0.0852383294364536,0.002903510716408775,0.27,50.57803569942067,11.34438451104684,0.11608750582450983,2.0,2.0,0.4467127555541722,0.006549110486422439,50.48311378522268,2.0
43.0,200.0,1.5106235684937772,0.14253852390573235,0.47000000000000003,57.04428850410723,12.757661117955884,0.11608750582450983,3.0,3.0,0.5174862694351612,0.004053625945382633,44.789146020171614,2.0
43.0,210.0,1.286332282237499,-0.022429128625627827,0.93,71.71935045107674,12.710343498812051,0.11608750582450983,3.0,2.0,0.5174862694351612,0.004053625945382633,21.754866460752165,2.0
43.0,220.0,0.4280996645864583,-0.08582326176510406,0.61,81.15877850970368,12.65763065937395,0.11608750582450983,2.0,1.0,0.5174862694351612,0.004053625945382633,10.076734549152402,2.0
43.0,230.0,-0.30902933042598946,-0.07371289950124478,0.27,81.78514962944244,12.599622941527457,0.11608750582450983,2.0,1.0,0.5174862694351612,0.004053625945382633,8.992643267819142,2.0
43.0,240.0,-0.43157888358316043,-0.012254955315717098,0.25,77.6996896235039,12.53643076626043,0.11608750582450983,1.0,2.0,0.5433605829069192,0.004458988539920897,6.689404103609963,2.0
43.0,250.0,-0.3601183763662732,0.007146050721688724,0.25,73.57353049904916,12.468174423470103,0.11608750582450983,2.0,2.0,0.5174862694351612,0.004053625945382633,5.710576202658842,2.0
43.0,260.0,-0.3425337532344983,0.001758462313177489,0.25,70.11377280189495,12.394983842984416,0.11608750582450983,2.0,2.0,0.5174862694351612,0.004053625945382633,4.421612177489666,2.0
43.0,270.0,-0.22540637183933043,0.011712738139516787,0.25,67.2522915686038,12.316998347233195,0.11608750582450983,2.0,2.0,0.5174862694351612,0.004053625945382633,5.205214690687449,2.0
43.0,280.0,-0.16530321781071677,0.006010315402861366,0.25,65.18595107205897,12.234366386040023,0.11608750582450983,2.0,2.0,0.5433605829069192,0.004458988539920897,2.824600822158047,2.0
43.0,290.0,-0.10428774378496541,0.006101547402575136,0.25,63.835466824699125,12.147245254039504,0.11608750582450983,2.0,2.0,0.5433605829069192,0.004458988539920897,1.4125040119536263,2.0
43.0,300.0,-0.05896242795067863,0.004532531583428678,0.27,63.01463575692779,12.055800791258065,0.11608750582450983,2.0,2.0,0.5433605829069192,0.004458988539920897,0.7081033634458778,2.0
44.0,0.0,1.5378443777375743,0.0,0.0,0.0,4.851402491357902,0.11740327068470441,3.0,2.0,0.439863329019887,0.004661669837190028,64.04074331278491,0.0
44.0,10.0,1.7096668986978294,0.01718225209602551,0.75,16.69739863291446,4.92229688383723,0.11740327068470441,3.0,2.0,0.4150754468796635,0.0006241123802633141,32.31932112677967,0.0
44.0,20.0,0.8681073684019474,-0.0841559530295882,0.65,30.770945464443518,4.9928684245453425,0.11740327068470441,3.0,1.0,0.4150754468796635,0.0006241123802633141,19.781092964697294,0.0
44.0,30.0,-0.39730980425575524,-0.12654171726577026,0.0,33.86683774517599,5.062982776543475,0.11740327068470441,1.0,1.0,0.4150754468796635,0.0006241123802633141,22.130671688771496,0.0
44.0,40.0,-0.7336613233870075,-0.03363515191312523,0.0,33.86683774517599,5.1325064731775605,0.11740327068470441,1.0,1.0,0.439863329019887,0.004661669837190028,13.32253014439788,0.0
44.0,50.0,-0.39905150697872926,0.03346098164082782,0.0,33.86683774517599,5.20130717213959,0.11740327068470441,1.0,3.0,0.4916119559634031,0.004864351134459159,6.847552337281617,0.0
44.0,60.0,0.04341125806385193,0.04424627650425812,0.25,33.4115641666243,5.269253907388709,0.11740327068470441,2.0,3.0,0.5174862694351612,0.004053625945382633,6.09778227045569,0.0
44.0,70.0,0.34554095004148166,0.030212969197762972,0.32,35.79660082228814,5.336217338452535,0.11740327068470441,2.0,3.0,0.5174862694351612,0.004053625945382633,5.419335599081023,0.0
44.0,80.0,0.1946386681596124,-0.015090228188186927,0.28,38.821351385549505,5.402069996634083,0.11740327068470441,2.0,2.0,0.5174862694351612,0.004053625945382633,4.070927135623931,0.0
44.0,90.0,-0.07085348784582024,-0.026549215600543262,0.25,39.46831170436315,5.4666865276556855,0.11740327068470441,2.0,1.0,0.5174862694351612,0.004053625945382633,5.730353410883569,0.0
44.0,100.0,-0.16481460254921387,-0.009396111470339363,0.0,38.16156123185189,5.529943930277977,0.11740327068470441,2.0,2.0,0.4916119559634031,0.004864351134459159,4.512295879657634,0.0
44.0,110.0,-0.07039661111425843,0.009441799143495544,0.0,36.79413751371837,5.5917217904397525,0.11740327068470441,2.0,2.0,0.5433605829069192,0.004458988539920897,3.8432722193356628,0.0
44.0,120.0,0.24428206031034705,0.03146786714246055,0.28,37.694372760590525,5.6519025104729685,0.11740327068470441,2.0,3.0,0.5174862694351612,0.004053625945382633,4.8638847444160564,0.0
44.0,130.0,0.1861931739578715,-0.005808888635247556,0.25,40.16315150223862,5.7103715329565965,0.11740327068470441,2.0,2.0,0.5174862694351612,0.004053625945382633,3.4246733231309228,0.0
44.0,140.0,-0.02855664926235235,-0.021474982322022385,0.25,41.107367330479306,5.767017558783174,0.11740327068470441,2.0,2.0,0.4150754468796635,0.0006241123802633141,7.37961122105082,0.0
44.0,150.0,-0.18795127160237968,-0.015939462234002732,0.0,40.19133813929418,5.821732759022986,0.11740327068470441,2.0,2.0,0.4150754468796635,0.0006241123802633141,14.968435883889232,0.0
44.0,160.0,-0.013291808960179452,0.017465946264220024,0.0,38.526547087011394,5.874412980182576,0.11740327068470441,2.0,2.0,0.4150754468796635,0.0006241123802633141,14.824060051932543,0.0
44.0,170.0,-0.6160244261278791,-0.060273261716769964,0.0,38.623342071518934,5.038346357047892,0.11740327068470441,1.0,1.0,0.439863329019887,0.004661669837190028,11.121743118040587,0.0
44.0,180.0,-0.387110473349928,0.02289139527779511,0.0,38.623342071518934,5.086659845248281,0.11740327068470441,1.0,2.0,0.4916119559634031,0.004864351134459159,5.086114611929001,0.0
44.0,190.0,0.02853457152050254,0.041564504487043054,0.25,37.617347140671946,5.132649891894079,0.11740327068470441,2.0,3.0,0.5174862694351612,0.004053625945382633,5.364891013949969,0.0
44.0,200.0,0.35965940060026824,0.03311248290797657,0.33,39.460274580742194,5.176228952317583,0.11740327068470441,2.0,3.0,0.5174862694351612,0.004053625945382633,5.965956435684654,0.0
44.0,210.0,0.12544469046719442,-0.023421471013307382,0.25,42.096315149947046,5.2173140713004145,0.11740327068470441,2.0,2.0,0.5174862694351612,0.004053625945382633,4.696553075302069,0.0
44.0,220.0,-0.1652609491905146,-0.0290705639657709,0.0,41.87717773218982,5.255827040983455,0.11740327068470441,2.0,1.0,0.439863329019887,0.004661669837190028,3.3003844231360002,0.0
44.0,230.0,-0.08134721709064507,0.008391373209986952,0.0,40.18662271274789,5.2916945497399865,0.11740327068470441,2.0,2.0,0.439863329019887,0.004661669837190028,3.375285334702986,0.0
44.0,240.0,0.2312197426172311,0.03125669597078762,0.3,41.09250432337342,5.32484832172851,0.11740327068470441,2.0,3.0,0.5174862694351612,0.004053625945382633,5.219755009171126,0.0
44.0,250.0,0.12753453977778761,-0.01036852028394435,0.26,43.253685898751634,5.355225246859707,0.11740327068470441,2.0,2.0,0.5174862694351612,0.004053625945382633,4.272812826524666,0.0
44.0,260.0,-0.1192829140432572,-0.02468174538210448,0.25,43.28977428969991,5.382767500930086,0.11740327068470441,2.0,2.0,0.5433605829069192,0.004458988539920897,5.460311063459638,0.0
44.0,270.0,-0.177081446531119,-0.005779853248786182,0.0,41.432315800098294,5.407422655693615,0.11740327068470441,2.0,2.0,0.439863329019887,0.004661669837190028,2.6873094408471085,0.0
44.0,280.0,0.13877842107909544,0.031585986761021444,0.25,41.30333378301556,5.429143778661903,0.11740327068470441,2.0,3.0,0.5174862694351612,0.004053625945382633,4.289546494057674,0.0
44.0,290.0,0.13975463791911835,9.762168400229143e-05,0.25,42.74760744837822,5.4478895224428285,0.11740327068470441,2.0,2.0,0.5174862694351612,0.004053625945382633,4.309538274554399,0.0
44.0,300.0,0.02015121978385892,-0.011960341813525944,0.25,43.508849852386135,5.463624203447665,0.11740327068470441,2.0,2.0,0.5433605829069192,0.004458988539920897,4.9866724640775475,0.0
44.0,0.0,1.5234058524958485,0.0,0.0,0.0,4.851402491357902,0.11740327068470441,3.0,2.0,0.439863329019887,0.004661669837190028,63.96855758195756,1.0
44.0,10.0,1.6884350158776087,0.01650291633817602,0.71,16.38104537444331,4.92229688383723,0.11740327068470441,3.0,2.0,0.4150754468796635,0.0006241123802633141,32.69494779370433,1.0
44.0,20.0,0.9668702470212303,-0.07215647688563784,0.45,30.611941085385478,4.9928684245453425,0.11740327068470441,3.0,1.0,0.4150754468796635,0.0006241123802633141,8.138013400556453,1.0
44.0,30.0,0.028427992522527035,-0.09384422544987032,0.0,35.7771794614213,5.062982776543475,0.11740327068470441,2.0,1.0,0.4916119559634031,0.004864351134459159,5.3470036287109854,1.0
44.0,40.0,-0.08289590949102532,-0.011132390201355235,0.0,35.78855748573304,5.1325064731775605,0.11740327068470441,2.0,2.0,0.439863329019887,0.004661669837190028,2.4245213021780923,1.0
44.0,50.0,0.22172595856718402,0.030462186805820933,0.0,36.284875788964754,5.20130717213959,0.11740327068470441,2.0,3.0,0.439863329019887,0.004661669837190028,9.619611449609085,1.0
44.0,60.0,0.5286960751182121,0.030697011655102812,0.25,39.94154668584438,5.269253907388709,0.11740327068470441,2.0,3.0,0.5174862694351612,0.004053625945382633,11.687594797465628,1.0
44.0,70.0,0.5111959556059169,-0.0017500119512295243,0.26,45.43683654091749,5.336217338452535,0.11740327068470441,2.0,2.0,0.4150754468796635,0.0006241123802633141,8.750776287429359,1.0
44.0,80.0,0.26892546122436656,-0.024227049438155034,0.25,49.737026694992295,5.402069996634083,0.11740327068470441,2.0,2.0,0.5174862694351612,0.004053625945382633,6.60197400027153,1.0
44.0,90.0,0.19138154508237548,-0.007754391614199108,0.25,52.42895789146916,5.4666865276556855,0.11740327068470441,2.0,2.0,0.5174862694351612,0.004053625945382633,5.689712869534182,1.0
44.0,100.0,0.10543268275440099,-0.00859488623279745,0.0,53.596510727001956,5.529943930277977,0.11740327068470441,2.0,2.0,0.5174862694351612,0.004053625945382633,6.936823179141178,1.0
44.0,110.0,0.38992890470198205,0.028449622194758106,0.25,55.9463129026148,5.5917217904397525,0.11740327068470441,2.0,3.0,0.4150754468796635,0.0006241123802633141,11.597781326077431,1.0
44.0,120.0,0.4960929058462469,0.010616400114426484,0.25,60.37157616427345,5.6519025104729685,0.11740327068470441,2.0,2.0,0.4150754468796635,0.0006241123802633141,8.10074636059149,1.0
44.0,130.0,0.304185634695596,-0.019190727115065087,0.25,64.73225956621738,5.7103715329565965,0.11740327068470441,2.0,2.0,0.4150754468796635,0.0006241123802633141,8.380447227329729,1.0
44.0,140.0,0.21088995740342042,-0.009329567729217558,0.0,67.41089667426124,5.767017558783174,0.11740327068470441,2.0,2.0,0.4150754468796635,0.0006241123802633141,10.592058827189536,1.0
44.0,150.0,0.1736873039778608,-0.003720265342555962,0.0,68.79185271592635,5.821732759022986,0.11740327068470441,2.0,2.0,0.4150754468796635,0.0006241123802633141,12.603739835712538,1.0
44.0,160.0,0.4668985965701822,0.029321129259232137,0.25,71.76840062210157,5.874412980182576,0.11740327068470441,2.0,3.0,0.4150754468796635,0.0006241123802633141,10.504070011297438,1.0
44.0,170.0,-0.3850140520890264,-0.08519126486592085,0.0,73.23346716408004,5.038346357047892,0.11740327068470441,1.0,1.0,0.5174862694351612,0.004053625945382633,6.6262476092233635,1.0
44.0,180.0,-0.2162234725455967,0.01687905795434297,0.0,73.23346716408004,5.086659845248281,0.11740327068470441,2.0,2.0,0.5174862694351612,0.004053625945382633,5.76053570156593,1.0
44.0,190.0,0.2832821193813828,0.04995055919269795,0.25,73.82173468586261,5.132649891894079,0.11740327068470441,2.0,3.0,0.4150754468796635,0.0006241123802633141,11.565599903614007,1.0
44.0,200.0,0.4840541639497111,0.02007720445683283,0.25,77.84916723563485,5.176228952317583,0.11740327068470441,2.0,2.0,0.4150754468796635,0.0006241123802633141,8.132465092311666,1.0
44.0,210.0,0.35612682587623823,-0.01279273380734729,0.25,82.16573701639976,5.2173140713004145,0.11740327068470441,2.0,2.0,0.4150754468796635,0.0006241123802633141,6.33259606110251,1.0
44.0,220.0,0.20069854336962223,-0.0155428282506616,0.25,85.23064979068289,5.255827040983455,0.11740327068470441,2.0,2.0,0.4150754468796635,0.0006241123802633141,7.525606695686037,1.0
44.0,230.0,-0.003817854959184075,-0.02045163983288063,0.0,86.31667965628215,5.2916945497399865,0.11740327068470441,2.0,2.0,0.5174862694351612,0.004053625945382633,9.393730508197265,1.0
44.0,240.0,0.19101879434215974,0.01948366493013438,0.25,86.99395429248683,5.32484832172851,0.11740327068470441,2.0,2.0,0.4150754468796635,0.0006241123802633141,11.124393194236049,1.0
44.0,250.0,0.4932611882874838,0.030224239394532403,0.26,90.6408141401284,5.355225246859707,0.11740327068470441,2.0,3.0,0.4150754468796635,0.0006241123802633141,7.783750977665262,1.0
44.0,260.0,0.3787165575195637,-0.01145446307679201,0.25,95.13744830422488,5.382767500930086,0.11740327068470441,2.0,2.0,0.4150754468796635,0.0006241123802633141,5.986675006389085,1.0
44.0,270.0,0.19896267163685266,-0.0179753885882711,0.0,97.64393649223246,5.407422655693615,0.11740327068470441,2.0,2.0,0.4150754468796635,0.0006241123802633141,7.286596415660302,1.0
44.0,280.0,0.1040267283623244,-0.009493594327452826,0.0,99.04227186830191,5.429143778661903,0.11740327068470441,2.0,2.0,0.4150754468796635,0.0006241123802633141,8.26018858190811,1.0
44.0,290.0,0.26960826403857396,0.016558153567624957,0.25,100.52934030089497,5.4478895224428285,0.11740327068470441,2.0,2.0,0.4150754468796635,0.0006241123802633141,8.419557307390946,1.0
44.0,300.0,0.39160735897858956,0.01219990949400156,0.25,104.31924768552432,5.463624203447665,0.11740327068470441,2.0,2.0,0.4150754468796635,0.0006241123802633141,5.515302718068944,1.0
44.0,0.0,1.5308165649105945,0.0,0.0,0.0,4.851402491357902,0.11740327068470441,3.0,2.0,0.439863329019887,0.004661669837190028,64.0056076049103,2.0
44.0,10.0,1.6754282527462614,0.01446116878356669,0.75,16.068989051178278,4.92229688383723,0.11740327068470441,3.0,2.0,0.4150754468796635,0.0006241123802633141,32.5493852131404,2.0
44.0,20.0,0.8552848684747119,-0.08201433842715496,0.59,30.046150826439693,4.9928684245453425,0.11740327068470441,3.0,1.0,0.4150754468796635,0.0006241123802633141,12.564894188985903,2.0
44.0,30.0,-0.22843403973029908,-0.1083718908205011,0.0,33.311942707761474,5.062982776543475,0.11740327068470441,2.0,1.0,0.4150754468796635,0.0006241123802633141,13.575351348692063,2.0
44.0,40.0,-0.5981278255114972,-0.03696937857811981,0.0,32.78362592909651,5.1325064731775605,0.11740327068470441,1.0,1.0,0.4916119559634031,0.004864351134459159,9.992396040714493,2.0
44.0,50.0,-0.23369789783707873,0.036442992767441854,0.0,32.47544718240384,5.20130717213959,0.11740327068470441,2.0,3.0,0.5433605829069192,0.004458988539920897,5.949002071022571,2.0
44.0,60.0,0.16554992466953422,0.039924782250661296,0.25,32.11106708043425,5.269253907388709,0.11740327068470441,2.0,3.0,0.5174862694351612,0.004053625945382633,5.533667066140167,2.0
44.0,70.0,0.25383815131490906,0.008828822664537484,0.27,34.51258635807466,5.336217338452535,0.11740327068470441,2.0,2.0,0.5174862694351612,0.004053625945382633,4.338949369072082,2.0
44.0,80.0,0.07051386592572229,-0.01833242853891868,0.25,36.69618122942021,5.402069996634083,0.11740327068470441,2.0,2.0,0.5174862694351612,0.004053625945382633,3.3409275271883394,2.0
44.0,90.0,-0.036953092046701386,-0.010746695797242366,0.25,36.87490426643437,5.4666865276556855,0.11740327068470441,2.0,2.0,0.439863329019887,0.004661669837190028,5.52406903316159,2.0
44.0,100.0,-0.18792997606043116,-0.015097688401372978,0.0,35.6867760775951,5.529943930277977,0.11740327068470441,2.0,2.0,0.4916119559634031,0.004864351134459159,5.295204966754518,2.0
44.0,110.0,0.025315594720961343,0.02132455707813925,0.25,34.498947281903355,5.5917217904397525,0.11740327068470441,2.0,2.0,0.5174862694351612,0.004053625945382633,3.5973441237204664,2.0
44.0,120.0,0.18931248458141425,0.01639968898604529,0.26,35.883185551909285,5.6519025104729685,0.11740327068470441,2.0,2.0,0.5174862694351612,0.004053625945382633,3.5738621008592752,2.0
44.0,130.0,0.1283491029503594,-0.0060963381631054855,0.25,37.73599187422148,5.7103715329565965,0.11740327068470441,2.0,2.0,0.5433605829069192,0.004458988539920897,3.6191804577417024,2.0
44.0,140.0,-0.07331055290279664,-0.020165965585315603,0.25,37.97086320118644,5.767017558783174,0.11740327068470441,2.0,2.0,0.4150754468796635,0.0006241123802633141,8.082885889676696,2.0
44.0,150.0,-0.12645929149109847,-0.005314873858830183,0.0,36.73629935714899,5.821732759022986,0.11740327068470441,2.0,2.0,0.4150754468796635,0.0006241123802633141,8.642994654173147,2.0
44.0,160.0,0.07733060516992296,0.020378989666102142,0.25,36.35485477923164,5.874412980182576,0.11740327068470441,2.0,2.0,0.4150754468796635,0.0006241123802633141,23.860377659445348,2.0
44.0,170.0,-0.8506188091844322,-0.09279494143543551,0.0,36.58185550429969,5.038346357047892,0.11740327068470441,1.0,1.0,0.439863329019887,0.004661669837190028,19.038091703657493,2.0
44.0,180.0,-0.5561979335915197,0.02944208755929125,0.0,36.58185550429969,5.086659845248281,0.11740327068470441,1.0,3.0,0.4916119559634031,0.004864351134459159,8.494654455207959,2.0
44.0,190.0,-0.2180108063198425,0.03381871272716772,0.0,35.14044344642867,5.132649891894079,0.11740327068470441,2.0,3.0,0.4916119559634031,0.004864351134459159,4.525191150805738,2.0
44.0,200.0,0.1707207634966359,0.03887315698164784,0.25,35.177730524918665,5.176228952317583,0.11740327068470441,2.0,3.0,0.5174862694351612,0.004053625945382633,4.8823149135257005,2.0
44.0,210.0,0.179334432019985,0.0008613668523349105,0.26,37.332318033163126,5.2173140713004145,0.11740327068470441,2.0,2.0,0.5174862694351612,0.004053625945382633,3.387893108220362,2.0
44.0,220.0,-0.014001066166649423,-0.01933354981866344,0.25,38.40327724718554,5.255827040983455,0.11740327068470441,2.0,2.0,0.5174862694351612,0.004053625945382633,4.570992721887081,2.0
44.0,230.0,-0.21655516581606804,-0.02025540996494186,0.0,37.47491641510368,5.2916945497399865,0.11740327068470441,2.0,2.0,0.4916119559634031,0.004864351134459159,4.936399438293524,2.0
44.0,240.0,-0.07665631612240276,0.013989884969366529,0.0,35.50313472800802,5.32484832172851,0.11740327068470441,2.0,2.0,0.439863329019887,0.004661669837190028,3.375377392521729,2.0
44.0,250.0,0.16897299359133555,0.024562930971373832,0.25,36.20966607806649,5.355225246859707,0.11740327068470441,2.0,2.0,0.5174862694351612,0.004053625945382633,4.08639446193936,2.0
44.0,260.0,0.08253829049439432,-0.008643470309694123,0.25,37.94197916141588,5.382767500930086,0.11740327068470441,2.0,2.0,0.5174862694351612,0.004053625945382633,3.655625456447639,2.0
44.0,270.0,-0.07500488206320455,-0.015754317255759886,0.25,38.08514729752561,5.407422655693615,0.11740327068470441,2.0,2.0,0.439863329019887,0.004661669837190028,5.369386164706631,2.0
44.0,280.0,-0.29045007217154506,-0.02154451901083405,0.0,36.42540845987767,5.429143778661903,0.11740327068470441,2.0,2.0,0.4916119559634031,0.004864351134459159,5.736492154403717,2.0
44.0,290.0,-0.04791570115582289,0.02425343710157222,0.25,34.26574380934447,5.4478895224428285,0.11740327068470441,2.0,2.0,0.439863329019887,0.004661669837190028,3.314104232260763,2.0
44.0,300.0,0.21645644816536347,0.026437214932118636,0.27,35.457238813697465,5.463624203447665,0.11740327068470441,2.0,3.0,0.5174862694351612,0.004053625945382633,3.9366336477877564,2.0
45.0,0.0,3.4269884579767265,0.0,0.0,0.0,4.427783610716741,0.03385399468029506,4.0,2.0,0.5174862694351612,0.004053625945382633,214.46001136389918,0.0
45.0,10.0,3.4724961281218363,0.004550767014510982,0.75,0.0,4.433677298869874,0.03385399468029506,4.0,2.0,0.439863329019887,0.004661669837190028,146.3678165593929,0.0
45.0,20.0,3.134598833165235,-0.03378972949566013,1.0,0.0,4.439528720678876,0.03385399468029506,3.0,1.0,0.2230033616116438,1.1056476578609947e-05,79.24133210169825,0.0
45.0,30.0,1.825733229481088,-0.1308865603684147,1.0,0.0,4.44532673762976,0.03385399468029506,3.0,1.0,0.2230033616116438,1.1056476578609947e-05,89.67929790022541,0.0
45.0,40.0,-0.05301158407123552,-0.18787448135523235,0.0,9.89592142896398,4.4510603128677175,0.03385399468029506,2.0,0.0,0.5174862694351612,0.004053625945382633,137.20255036797045,0.0
45.0,50.0,-1.75059540629967,-0.16975838222284345,0.0,9.842909844892745,4.456718532206416,0.03385399468029506,1.0,1.0,0.5174862694351612,0.004053625945382633,166.6141282312854,0.0
45.0,60.0,-2.390399751040743,-0.06398043447410728,0.0,9.842909844892745,4.462290624903748,0.03385399468029506,0.0,1.0,0.5174862694351612,0.004053625945382633,157.0918663553302,0.0
45.0,70.0,-2.300139398861994,0.009026035217874906,0.0,9.842909844892745,4.467765984164565,0.03385399468029506,0.0,2.0,0.5174862694351612,0.004053625945382633,134.7546162689394,0.0
45.0,80.0,-2.038761388588064,0.026137801027392982,0.0,9.842909844892745,4.473134187331318,0.03385399468029506,0.0,3.0,0.5174862694351612,0.004053625945382633,109.98454348855984,0.0
45.0,90.0,-1.7381122280925787,0.03006491604954853,0.0,9.842909844892745,4.478385015724168,0.03385399468029506,1.0,3.0,0.5174862694351612,0.004053625945382633,85.34899014812797,0.0
45.0,100.0,-1.4214640079115242,0.03166482201810546,0.0,9.842909844892745,4.483508474092837,0.03385399468029506,1.0,3.0,0.5174862694351612,0.004053625945382633,61.417481076021915,0.0
45.0,110.0,-1.1176177106920484,0.030384629721947574,0.0,9.842909844892745,4.4884948096431145,0.03385399468029506,1.0,3.0,0.5174862694351612,0.004053625945382633,39.17556739371806,0.0
45.0,120.0,-0.8535639063776017,0.02640538043144467,0.0,9.842909844892745,4.493334530601878,0.03385399468029506,1.0,3.0,0.5174862694351612,0.004053625945382633,21.494996001455316,0.0
45.0,130.0,-0.6706470421587163,0.018291686421888543,0.0,9.842909844892745,4.498018424285217,0.03385399468029506,1.0,2.0,0.5174862694351612,0.004053625945382633,10.064079977846886,0.0
45.0,140.0,-0.3565412404027377,0.031410580175597856,0.0,9.842909844892745,4.50253757463528,0.03385399468029506,2.0,3.0,0.2230033616116438,1.1056476578609947e-05,6.595063167153404,0.0
45.0,150.0,-0.11332144728140392,0.02432197931213338,0.0,9.842909844892745,4.506883379192534,0.03385399468029506,2.0,2.0,0.5433605829069192,0.004458988539920897,7.8722603512339235,0.0
45.0,160.0,0.08246724962835117,0.019578869690975508,0.0,9.990510873592097,4.511047565470996,0.03385399468029506,2.0,2.0,0.5433605829069192,0.004458988539920897,9.644788280181098,0.0
45.0,170.0,0.34910257891985097,0.02666353292914998,0.25,12.180401705493342,4.515022206705414,0.03385399468029506,2.0,3.0,0.439863329019887,0.004661669837190028,8.22945986232857,0.0
45.0,180.0,0.4311351023766896,0.008203252345683865,0.29,16.29264794072714,4.5187997369402915,0.03385399468029506,2.0,2.0,0.2230033616116438,1.1056476578609947e-05,5.119434714122467,0.0
45.0,190.0,0.13558997349535318,-0.029554512888133645,0.25,19.21429491947321,4.52237296543213,0.03385399468029506,2.0,1.0,0.2230033616116438,1.1056476578609947e-05,7.516979022060855,0.0
45.0,200.0,-0.19705643891466096,-0.03326464124100141,0.0,19.123863098248467,4.525735090337399,0.03385399468029506,2.0,1.0,0.5174862694351612,0.004053625945382633,9.475200585200309,0.0
45.0,210.0,-0.3460584872098913,-0.014900204829523034,0.0,19.123863098248467,4.528879711660256,0.03385399468029506,2.0,2.0,0.2230033616116438,1.1056476578609947e-05,6.675332550683053,0.0
45.0,220.0,-0.24311392100158358,0.010294456620830773,0.0,19.123863098248467,4.531800843435281,0.03385399468029506,2.0,2.0,0.4916119559634031,0.004864351134459159,6.203785919987215,0.0
45.0,230.0,-0.035524731352285954,0.020758918964929762,0.0,18.636365483016267,4.5344929251221195,0.03385399468029506,2.0,2.0,0.5433605829069192,0.004458988539920897,6.832681524370136,0.0
45.0,240.0,0.19286398115639614,0.02283887125086821,0.25,19.319248526450856,4.536950832190268,0.03385399468029506,2.0,2.0,0.439863329019887,0.004661669837190028,7.143262348355633,0.0
45.0,250.0,0.3907287314654866,0.019786475030909044,0.27,22.14264119939522,4.539169885873925,0.03385399468029506,2.0,2.0,0.2230033616116438,1.1056476578609947e-05,7.31939357299266,0.0
45.0,260.0,0.17816673592425403,-0.021256199554123258,0.25,25.304632710753108,4.541145862078277,0.03385399468029506,2.0,2.0,0.2230033616116438,1.1056476578609947e-05,5.026572347235342,0.0
45.0,270.0,-0.09735616032070027,-0.027552289624495428,0.0,25.98587084828154,4.54287499942032,0.03385399468029506,2.0,1.0,0.5174862694351612,0.004053625945382633,11.801226348308724,0.0
45.0,280.0,-0.37375616222840335,-0.027640000190770307,0.0,25.403317130442822,4.54435400638884,0.03385399468029506,2.0,1.0,0.5174862694351612,0.004053625945382633,8.786193142069207,0.0
45.0,290.0,-0.34361401918857837,0.0030142143039824988,0.0,25.403317130442822,4.545580067610015,0.03385399468029506,2.0,2.0,0.2230033616116438,1.1056476578609947e-05,6.2295229466296345,0.0
45.0,300.0,-0.15000272043360852,0.019361129875496985,0.0,25.053862951243556,4.546550849206618,0.03385399468029506,2.0,2.0,0.4916119559634031,0.004864351134459159,5.309767128388636,0.0
45.0,0.0,3.4322836788031275,0.0,0.0,0.0,4.427783610716741,0.03385399468029506,4.0,2.0,0.5174862694351612,0.004053625945382633,214.4864873851859,1.0
45.0,10.0,3.482750977552815,0.005046729874968747,0.75,34.418720024472556,4.433677298869874,0.03385399468029506,4.0,2.0,0.439863329019887,0.004661669837190028,146.44572786611153,1.0
45.0,20.0,3.085512870718219,-0.03972381068345961,0.7000000000000001,68.39756040163256,4.439528720678876,0.03385399468029506,3.0,1.0,0.2230033616116438,1.1056476578609947e-05,82.44175586051044,1.0
45.0,30.0,1.9746067263041525,-0.11109061444140664,0.47000000000000003,94.6068040864129,4.44532673762976,0.03385399468029506,3.0,1.0,0.2230033616116438,1.1056476578609947e-05,32.99234522832019,1.0
45.0,40.0,0.6909143407308775,-0.1283692385573275,0.25,108.47977462101801,4.4510603128677175,0.03385399468029506,2.0,1.0,0.2230033616116438,1.1056476578609947e-05,15.879365114350907,1.0
45.0,50.0,-0.2053614303770459,-0.08962757711079235,0.0,111.11420358334992,4.456718532206416,0.03385399468029506,2.0,1.0,0.2230033616116438,1.1056476578609947e-05,17.02586605188101,1.0
45.0,60.0,-0.5283221125551414,-0.032296068217809545,0.0,111.11420358334992,4.462290624903748,0.03385399468029506,1.0,1.0,0.2230033616116438,1.1056476578609947e-05,12.138111927061033,1.0
45.0,70.0,-0.4874298888136366,0.0040892223741504806,0.0,111.11420358334992,4.467765984164565,0.03385399468029506,1.0,2.0,0.2230033616116438,1.1056476578609947e-05,7.350032424899088,1.0
45.0,80.0,-0.2150687679694947,0.027236112084414187,0.0,111.11420358334992,4.473134187331318,0.03385399468029506,2.0,3.0,0.2230033616116438,1.1056476578609947e-05,6.929327393559907,1.0
45.0,90.0,-0.02380765558603315,0.019126111238346157,0.0,111.11420358334992,4.478385015724168,0.03385399468029506,2.0,2.0,0.5174862694351612,0.004053625945382633,10.205576284306444,1.0
45.0,100.0,0.25095196280071974,0.02747596183867529,0.0,111.96474110754309,4.483508474092837,0.03385399468029506,2.0,3.0,0.5174862694351612,0.004053625945382633,14.004893027041877,1.0
45.0,110.0,0.4353659371610945,0.018441397436037475,0.0,115.31769185862485,4.4884948096431145,0.03385399468029506,2.0,2.0,0.5174862694351612,0.004053625945382633,20.16442978993587,1.0
45.0,120.0,0.6799420374902674,0.024457610032917288,0.25,120.67251394097116,4.493334530601878,0.03385399468029506,2.0,2.0,0.5174862694351612,0.004053625945382633,28.174323483631888,1.0
45.0,130.0,0.8504786097879524,0.017053657229768503,0.25,128.2532487699455,4.498018424285217,0.03385399468029506,3.0,2.0,0.2230033616116438,1.1056476578609947e-05,21.01030306988301,1.0
45.0,140.0,0.7290106539001222,-0.01214679558878302,0.25,136.43429043300202,4.50253757463528,0.03385399468029506,2.0,2.0,0.2230033616116438,1.1056476578609947e-05,10.083239671523732,1.0
45.0,150.0,0.35512990026510494,-0.03738807536350173,0.0,142.04788268286293,4.506883379192534,0.03385399468029506,2.0,1.0,0.2230033616116438,1.1056476578609947e-05,7.362416108240897,1.0
45.0,160.0,0.13278162614779987,-0.022234827411730506,0.0,144.4622097050725,4.511047565470996,0.03385399468029506,2.0,2.0,0.2230033616116438,1.1056476578609947e-05,10.673730068352695,1.0
45.0,170.0,0.18631692459120686,0.005353529844340699,0.0,145.91777373467994,4.515022206705414,0.03385399468029506,2.0,2.0,0.5174862694351612,0.004053625945382633,15.171574358030027,1.0
45.0,180.0,0.4059825874530887,0.021966566286188184,0.0,148.56922245256308,4.5187997369402915,0.03385399468029506,2.0,2.0,0.5174862694351612,0.004053625945382633,18.269020225118865,1.0
45.0,190.0,0.5615592424230265,0.015557665496993778,0.25,153.38085937221405,4.52237296543213,0.03385399468029506,2.0,2.0,0.5174862694351612,0.004053625945382633,25.518303600862062,1.0
45.0,200.0,0.7740657791230596,0.021250653670003318,0.25,160.18204321258534,4.525735090337399,0.03385399468029506,3.0,2.0,0.2230033616116438,1.1056476578609947e-05,20.74013443332214,1.0
45.0,210.0,0.6812950802627036,-0.009277069886035605,0.25,167.8943013981374,4.528879711660256,0.03385399468029506,2.0,2.0,0.2230033616116438,1.1056476578609947e-05,10.515882744709408,1.0
45.0,220.0,0.4123728371707287,-0.026892224309197486,0.0,173.6195144602264,4.531800843435281,0.03385399468029506,2.0,1.0,0.2230033616116438,1.1056476578609947e-05,5.979233816846325,1.0
45.0,230.0,0.1392243325241651,-0.02731485046465636,0.0,176.40284118030135,4.5344929251221195,0.03385399468029506,2.0,1.0,0.2230033616116438,1.1056476578609947e-05,8.027215851862447,1.0
45.0,240.0,0.127138459679756,-0.0012085872844409095,0.0,177.44220033897938,4.536950832190268,0.03385399468029506,2.0,2.0,0.2230033616116438,1.1056476578609947e-05,15.093337727764585,1.0
45.0,250.0,0.27644027790002923,0.014930181822027322,0.0,179.3622342661711,4.539169885873925,0.03385399468029506,2.0,2.0,0.5174862694351612,0.004053625945382633,16.860506134192388,1.0
45.0,260.0,0.457531983917022,0.018109170601699275,0.0,183.07333264237448,4.541145862078277,0.03385399468029506,2.0,2.0,0.5174862694351612,0.004053625945382633,22.251096338154873,1.0
45.0,270.0,0.6613571662919249,0.020382518237490287,0.25,188.73318470691777,4.54287499942032,0.03385399468029506,2.0,2.0,0.2230033616116438,1.1056476578609947e-05,26.292637048733717,1.0
45.0,280.0,0.7388712595636235,0.007751409327169867,0.25,196.04196887345057,4.54435400638884,0.03385399468029506,2.0,2.0,0.2230033616116438,1.1056476578609947e-05,15.516838924793973,1.0
45.0,290.0,0.5711917435966463,-0.01676795159669773,0.25,203.02438919444208,4.545580067610015,0.03385399468029506,2.0,2.0,0.2230033616116438,1.1056476578609947e-05,8.047265235221937,1.0
45.0,300.0,0.2389723665743233,-0.03322193770223229,0.0,207.31624522236876,4.546550849206618,0.03385399468029506,2.0,1.0,0.2230033616116438,1.1056476578609947e-05,7.771620433856384,1.0
45.0,0.0,3.3956983286650804,0.0,0.0,0.0,4.427783610716741,0.03385399468029506,4.0,2.0,0.5174862694351612,0.004053625945382633,214.30356120688384,2.0
45.0,10.0,3.4984988515928706,0.010280052292779018,0.75,0.0,4.433677298869874,0.03385399468029506,4.0,2.0,0.439863329019887,0.004661669837190028,146.49782795618881,2.0
45.0,20.0,3.1314563173025682,-0.036704253429030234,1.0,0.0,4.439528720678876,0.03385399468029506,3.0,1.0,0.2230033616116438,1.1056476578609947e-05,79.22563224208622,2.0
45.0,30.0,1.8368463659910148,-0.12946099513115533,0.9,4.128951132997614,4.44532673762976,0.03385399468029506,3.0,1.0,0.2230033616116438,1.1056476578609947e-05,83.83865390450039,2.0
45.0,40.0,-0.008717033894697579,-0.18455633998857124,0.4,14.101979161110982,4.4510603128677175,0.03385399468029506,2.0,0.0,0.5174862694351612,0.004053625945382633,128.03211048395227,2.0
45.0,50.0,-1.639156853435587,-0.16304398195408892,0.0,14.093262127216285,4.456718532206416,0.03385399468029506,1.0,1.0,0.5174862694351612,0.004053625945382633,155.43172172242294,2.0
45.0,60.0,-2.2413245280276364,-0.06021676745920494,0.0,14.093262127216285,4.462290624903748,0.03385399468029506,0.0,1.0,0.5174862694351612,0.004053625945382633,145.83799685781963,2.0
45.0,70.0,-2.178547070314938,0.00627774577126985,0.0,14.093262127216285,4.467765984164565,0.03385399468029506,0.0,2.0,0.5174862694351612,0.004053625945382633,123.99326493347199,2.0
45.0,80.0,-1.8878051292939588,0.029074194102097904,0.0,14.093262127216285,4.473134187331318,0.03385399468029506,0.0,3.0,0.5174862694351612,0.004053625945382633,99.44287297921733,2.0
45.0,90.0,-1.5972023878168642,0.029060274147709463,0.0,14.093262127216285,4.478385015724168,0.03385399468029506,1.0,3.0,0.5174862694351612,0.004053625945382633,75.24154435033832,2.0
45.0,100.0,-1.322497708559137,0.027470467925772724,0.0,14.093262127216285,4.483508474092837,0.03385399468029506,1.0,3.0,0.5174862694351612,0.004053625945382633,51.90722735273456,2.0
45.0,110.0,-1.008240468178009,0.03142572403811279,0.0,14.093262127216285,4.4884948096431145,0.03385399468029506,1.0,3.0,0.5174862694351612,0.004053625945382633,31.269987946905875,2.0
45.0,120.0,-0.777449354617886,0.023079111356012306,0.0,14.093262127216285,4.493334530601878,0.03385399468029506,1.0,2.0,0.5174862694351612,0.004053625945382633,15.626842681859449,2.0
45.0,130.0,-0.48845848495725264,0.028899086966063338,0.0,14.093262127216285,4.498018424285217,0.03385399468029506,1.0,3.0,0.2230033616116438,1.1056476578609947e-05,7.594016644005095,2.0
45.0,140.0,-0.2568511888549132,0.023160729610233945,0.0,14.093262127216285,4.50253757463528,0.03385399468029506,2.0,2.0,0.4916119559634031,0.004864351134459159,6.831615264882014,2.0
45.0,150.0,0.0025416086148624117,0.025939279746977562,0.0,13.686986955782807,4.506883379192534,0.03385399468029506,2.0,3.0,0.5433605829069192,0.004458988539920897,8.353961927495792,2.0
45.0,160.0,0.21256658096636016,0.021002497235149777,0.25,14.7149248787936,4.511047565470996,0.03385399468029506,2.0,2.0,0.5174862694351612,0.004053625945382633,8.412796215080895,2.0
45.0,170.0,0.40750876041895623,0.019494217945259608,0.26,17.71781712572108,4.515022206705414,0.03385399468029506,2.0,2.0,0.439863329019887,0.004661669837190028,8.127466728217355,2.0
45.0,180.0,0.2800134998316608,-0.012749526058729543,0.25,21.359389293446085,4.5187997369402915,0.03385399468029506,2.0,2.0,0.2230033616116438,1.1056476578609947e-05,2.962818039071459,2.0
45.0,190.0,-0.04963185749616272,-0.03296453573278235,0.0,22.82353786332094,4.52237296543213,0.03385399468029506,2.0,1.0,0.5174862694351612,0.004053625945382633,10.052453281118904,2.0
45.0,200.0,-0.3613027267717861,-0.031167086927562336,0.0,21.933954160426858,4.525735090337399,0.03385399468029506,2.0,1.0,0.5174862694351612,0.004053625945382633,8.281908091691747,2.0
45.0,210.0,-0.34618544533050155,0.0015117281441284548,0.0,21.933954160426858,4.528879711660256,0.03385399468029506,2.0,2.0,0.2230033616116438,1.1056476578609947e-05,6.178386073518751,2.0
45.0,220.0,-0.1420296114296562,0.020415583390084535,0.0,21.51910703288848,4.531800843435281,0.03385399468029506,2.0,2.0,0.439863329019887,0.004661669837190028,6.170879370975594,2.0
45.0,230.0,0.09395320781500516,0.023598281924466134,0.25,21.019021422910356,4.5344929251221195,0.03385399468029506,2.0,2.0,0.5174862694351612,0.004053625945382633,5.803539482233601,2.0
45.0,240.0,0.2641841841962247,0.017023097638121952,0.25,22.59695587693269,4.536950832190268,0.03385399468029506,2.0,2.0,0.5174862694351612,0.004053625945382633,7.1573215717882634,2.0
45.0,250.0,0.21383536582250784,-0.005034881837371686,0.25,25.295897081105245,4.539169885873925,0.03385399468029506,2.0,2.0,0.2230033616116438,1.1056476578609947e-05,3.154783338225075,2.0
45.0,260.0,-0.017150332208970553,-0.02309856980314784,0.25,26.36454095319049,4.541145862078277,0.03385399468029506,2.0,2.0,0.5174862694351612,0.004053625945382633,13.253523578209712,2.0
45.0,270.0,-0.3853851001458857,-0.03682347679369151,0.0,25.582498566548388,4.54287499942032,0.03385399468029506,1.0,1.0,0.5174862694351612,0.004053625945382633,12.247220704034635,2.0
45.0,280.0,-0.42787649843336695,-0.004249139828748127,0.0,25.582498566548388,4.54435400638884,0.03385399468029506,1.0,2.0,0.2230033616116438,1.1056476578609947e-05,7.603094496780493,2.0
45.0,290.0,-0.27646918436614243,0.015140731406722452,0.0,25.582498566548388,4.545580067610015,0.03385399468029506,2.0,2.0,0.4916119559634031,0.004864351134459159,5.859335679735272,2.0
45.0,300.0,-0.07208806240170063,0.02043811219644418,0.0,24.35105980752074,4.546550849206618,0.03385399468029506,2.0,2.0,0.4916119559634031,0.004864351134459159,5.21264956892054,2.0
46.0,0.0,-0.014028657565948066,0.0,0.0,0.0,14.14848054774334,0.09892334280755519,2.0,2.0,0.5433605829069192,0.004458988539920897,41.8465459257168,0.0
46.0,10.0,0.6514118076864648,0.06654404652524129,0.31,2.6742224556380876,14.14903513255917,0.09892334280755519,2.0,3.0,0.5433605829069192,0.004458988539920897,41.035072746243486,0.0
46.0,20.0,1.1761809053570893,0.05247690976706245,0.66,12.45140216869095,14.14959497678938,0.09892334280755519,3.0,3.0,0.439863329019887,0.004661669837190028,25.90334010804962,0.0
46.0,30.0,0.8316962684056861,-0.03444846369514032,0.55,23.50004966286638,14.150159014738662,0.09892334280755519,3.0,1.0,0.32966562935989285,0.004723866738418203,9.107730519327324,0.0
46.0,40.0,0.01627225522691944,-0.08154240131787667,0.25,27.821966834543407,14.15072617272871,0.09892334280755519,2.0,1.0,0.5433605829069192,0.004458988539920897,15.982705013476659,0.0
46.0,50.0,-0.21270461845867317,-0.02289768736855926,0.0,27.218702901709687,14.15129537114207,0.09892334280755519,2.0,2.0,0.5433605829069192,0.004458988539920897,55.64202856758425,0.0
46.0,60.0,0.3859509566337316,0.059865557509240476,0.27,27.63770425919,14.151865526477195,0.09892334280755519,2.0,3.0,0.5433605829069192,0.004458988539920897,98.92363510858041,0.0
46.0,70.0,0.9091935531262401,0.052324259649250845,0.6,34.3654419781614,14.15243555341101,0.09892334280755519,3.0,3.0,0.5433605829069192,0.004458988539920897,103.05803053237594,0.0
46.0,80.0,2.704315529094977,0.1795121975968737,0.84,39.88854823188191,16.185469382438008,0.09892334280755519,3.0,4.0,0.32966562935989285,0.004723866738418203,72.37411141568941,0.0
46.0,90.0,1.7738174961917217,-0.09304980329032553,1.0,39.88854823188191,16.18603589964313,0.09892334280755519,3.0,1.0,0.32966562935989285,0.004723866738418203,42.01570597404978,0.0
46.0,100.0,0.23847536757770982,-0.15353421286140118,0.61,47.646585309089176,16.186599042201827,0.09892334280755519,2.0,1.0,0.5174862694351612,0.004053625945382633,38.19435110483445,0.0
46.0,110.0,-1.0525155288017487,-0.12909908963794586,0.0,47.67181044801716,16.187157738140243,0.09892334280755519,1.0,1.0,0.32966562935989285,0.004723866738418203,37.15588140001382,0.0
46.0,120.0,-0.8801735126034238,0.01723420161983249,0.0,47.67181044801716,16.187710923948906,0.09892334280755519,1.0,2.0,0.4916119559634031,0.004864351134459159,32.11434375158966,0.0
46.0,130.0,0.05030127564920406,0.09304747882526279,0.25,46.86403143770461,16.188257546607183,0.09892334280755519,2.0,3.0,0.4916119559634031,0.004864351134459159,31.681387342555617,0.0
46.0,140.0,0.978630550257467,0.0928329274608263,0.68,51.93481023409974,16.188796565587772,0.09892334280755519,3.0,3.0,0.32966562935989285,0.004723866738418203,29.35570918600188,0.0
46.0,150.0,0.9294038206766189,-0.0049226729580848175,0.77,62.348639742783405,16.18932695483742,0.09892334280755519,3.0,2.0,0.5174862694351612,0.004053625945382633,16.73220206594396,0.0
46.0,160.0,0.038269810644465,-0.08911340100321538,0.35000000000000003,67.9251826589264,16.189847704730035,0.09892334280755519,2.0,1.0,0.439863329019887,0.004661669837190028,15.78832378506305,0.0
46.0,170.0,-0.5325237654009847,-0.05707935760454497,0.0,65.2982251804018,16.1903578239886,0.09892334280755519,1.0,1.0,0.32966562935989285,0.004723866738418203,11.669905685676033,0.0
46.0,180.0,-0.1281635277236326,0.04043602376773521,0.25,63.61720550225533,16.190856341572115,0.09892334280755519,2.0,3.0,0.4916119559634031,0.004864351134459159,19.772359610647243,0.0
46.0,190.0,0.6543973984562683,0.07825609261799009,0.58,66.11650674963182,16.19134230852402,0.09892334280755519,2.0,3.0,0.32966562935989285,0.004723866738418203,21.92810925101921,0.0
46.0,200.0,0.7713141521512092,0.011691675369494092,0.72,74.19173913008919,16.191814799778612,0.09892334280755519,3.0,2.0,0.5174862694351612,0.004053625945382633,15.395019355297514,0.0
46.0,210.0,0.08688273332016294,-0.06844314188310463,0.42,79.21336613435338,16.192272915921926,0.09892334280755519,2.0,1.0,0.5174862694351612,0.004053625945382633,14.19027932296414,0.0
46.0,220.0,-0.5259799485986036,-0.06128626819187666,0.0,76.95498782970327,16.192715784903854,0.09892334280755519,1.0,1.0,0.32966562935989285,0.004723866738418203,11.009435666164368,0.0
46.0,230.0,-0.31330048683735257,0.021267946176125107,0.0,72.92003048837523,16.193142563698103,0.09892334280755519,2.0,2.0,0.4916119559634031,0.004864351134459159,15.657027530267085,0.0
46.0,240.0,0.49365166458410314,0.08069521514214557,0.51,73.2812084446227,16.193552439906995,0.09892334280755519,2.0,3.0,0.32966562935989285,0.004723866738418203,20.10202062575266,0.0
46.0,250.0,0.7415763716039123,0.02479247070198092,0.73,80.24568517930177,16.193944633307865,0.09892334280755519,2.0,2.0,0.32966562935989285,0.004723866738418203,17.392829100217014,0.0
46.0,260.0,0.1146029546880456,-0.06269734169158667,0.45,85.36703928059688,16.194318397338286,0.09892334280755519,2.0,1.0,0.5174862694351612,0.004053625945382633,13.286034480176726,0.0
46.0,270.0,-0.5275982670330954,-0.0642201221721141,0.0,83.18697237607647,16.19467302051718,0.09892334280755519,1.0,1.0,0.32966562935989285,0.004723866738418203,11.091704490674605,0.0
46.0,280.0,-0.39490469155846597,0.013269357547462945,0.0,77.87292096171277,16.195007827799174,0.09892334280755519,1.0,2.0,0.4916119559634031,0.004864351134459159,13.13851787201222,0.0
46.0,290.0,0.4364759552802653,0.08313806468387312,0.49,77.55465899358265,16.195322181859574,0.09892334280755519,2.0,3.0,0.32966562935989285,0.004723866738418203,19.179577510214063,0.0
46.0,300.0,0.6987732589353755,0.026229730365511017,0.71,83.83860988038398,16.195615484307552,0.09892334280755519,2.0,3.0,0.5174862694351612,0.004053625945382633,17.805357785605665,0.0
46.0,0.0,-0.02027354745717247,0.0,0.0,0.0,14.14848054774334,0.09892334280755519,2.0,2.0,0.5433605829069192,0.004458988539920897,41.83503688622848,1.0
46.0,10.0,0.6747563188703616,0.06950298663275341,0.25,2.5350009566145495,14.14903513255917,0.09892334280755519,2.0,3.0,0.5433605829069192,0.004458988539920897,49.02149627563808,1.0
46.0,20.0,1.3372334573856932,0.06624771385153316,0.49,12.811007521423083,14.14959497678938,0.09892334280755519,3.0,3.0,0.439863329019887,0.004661669837190028,44.046603679593886,1.0
46.0,30.0,1.275395254639644,-0.006183820274604912,0.56,26.56733429079451,14.150159014738662,0.09892334280755519,3.0,2.0,0.32966562935989285,0.004723866738418203,22.503480942389448,1.0
46.0,40.0,0.6837464821119603,-0.05916487725276838,0.43,37.02650852149847,14.15072617272871,0.09892334280755519,2.0,1.0,0.439863329019887,0.004661669837190028,5.7169272135885585,1.0
46.0,50.0,0.09251728719872787,-0.05912291949132324,0.25,41.27129776652147,14.15129537114207,0.09892334280755519,2.0,1.0,0.4916119559634031,0.004864351134459159,32.31738041206702,1.0
46.0,60.0,0.07177280581141332,-0.002074448138731455,0.25,41.736551232091585,14.151865526477195,0.09892334280755519,2.0,2.0,0.4916119559634031,0.004864351134459159,82.70143887707658,1.0
46.0,70.0,0.11947566974112434,0.004770286392971101,0.25,42.52247149073124,14.15243555341101,0.09892334280755519,2.0,2.0,0.4916119559634031,0.004864351134459159,117.43373925114841,1.0
46.0,80.0,2.36709426938382,0.22476185996426956,0.48,48.11221404529825,16.185469382438008,0.09892334280755519,3.0,4.0,0.439863329019887,0.004661669837190028,103.8736984434856,1.0
46.0,90.0,2.354061820553728,-0.0013032448830092136,0.98,48.11221404529825,16.18603589964313,0.09892334280755519,3.0,2.0,0.32966562935989285,0.004723866738418203,61.15583913590477,1.0
46.0,100.0,1.3971934718600423,-0.09568683486936855,0.8200000000000001,65.97377835504115,16.186599042201827,0.09892334280755519,3.0,1.0,0.32966562935989285,0.004723866738418203,32.67835173239128,1.0
46.0,110.0,0.0025151526078488473,-0.13946783192521933,0.39,73.3701503816173,16.187157738140243,0.09892334280755519,2.0,1.0,0.5174862694351612,0.004053625945382633,22.40968815774095,1.0
46.0,120.0,-0.7672135094113806,-0.07697286620192294,0.0,68.87796823544251,16.187710923948906,0.09892334280755519,1.0,1.0,0.32966562935989285,0.004723866738418203,25.043180778559847,1.0
46.0,130.0,-0.5157702935719506,0.025144321583942995,0.0,61.14956044724575,16.188257546607183,0.09892334280755519,1.0,3.0,0.32966562935989285,0.004723866738418203,21.957935496360463,1.0
46.0,140.0,0.2941420850223082,0.08099123785942589,0.35000000000000003,59.59821999913687,16.188796565587772,0.09892334280755519,2.0,3.0,0.5433605829069192,0.004458988539920897,18.952797496251204,1.0
46.0,150.0,0.78798119269754,0.04938391076752317,0.55,65.16801429541411,16.18932695483742,0.09892334280755519,3.0,3.0,0.32966562935989285,0.004723866738418203,16.073641398141923,1.0
46.0,160.0,0.6104769684535967,-0.01775042242439433,0.55,72.64088635253077,16.189847704730035,0.09892334280755519,2.0,2.0,0.5174862694351612,0.004053625945382633,9.211484924426646,1.0
46.0,170.0,0.06500491102772799,-0.05454720574258687,0.41000000000000003,76.49939602864958,16.1903578239886,0.09892334280755519,2.0,1.0,0.5174862694351612,0.004053625945382633,5.904376084281281,1.0
46.0,180.0,-0.276877329817097,-0.0341882240844825,0.27,75.19601574155288,16.190856341572115,0.09892334280755519,2.0,1.0,0.32966562935989285,0.004723866738418203,6.921098361840318,1.0
46.0,190.0,-0.2514951215883272,0.00253822082287698,0.26,72.19881540313469,16.19134230852402,0.09892334280755519,2.0,2.0,0.4916119559634031,0.004864351134459159,5.953601910062382,1.0
46.0,200.0,0.054200235315548184,0.03056953569038754,0.33,70.93758203208486,16.191814799778612,0.09892334280755519,2.0,3.0,0.4916119559634031,0.004864351134459159,5.166559863393531,1.0
46.0,210.0,0.25420329515663553,0.020000305984108735,0.42,72.41625166452914,16.192272915921926,0.09892334280755519,2.0,2.0,0.5174862694351612,0.004053625945382633,4.829165979810525,1.0
46.0,220.0,0.2517028223679212,-0.0002500472788714347,0.44,75.16484611123637,16.192715784903854,0.09892334280755519,2.0,2.0,0.5174862694351612,0.004053625945382633,2.463946862889845,1.0
46.0,230.0,0.07198347655831583,-0.017971934580960535,0.38,76.92443027729011,16.193142563698103,0.09892334280755519,2.0,2.0,0.5433605829069192,0.004458988539920897,2.1306384518467025,1.0
46.0,240.0,-0.0464309668714904,-0.011841444342980623,0.35000000000000003,76.8623337932783,16.193552439906995,0.09892334280755519,2.0,2.0,0.4916119559634031,0.004864351134459159,2.2726987865039456,1.0
46.0,250.0,-0.10787520163119879,-0.0061444234759708396,0.32,75.92829415026307,16.193944633307865,0.09892334280755519,2.0,2.0,0.4916119559634031,0.004864351134459159,2.031215036807695,1.0
46.0,260.0,0.023212822666685895,0.013108802429788468,0.36,75.43339234514386,16.194318397338286,0.09892334280755519,2.0,2.0,0.4916119559634031,0.004864351134459159,1.441111262910833,1.0
46.0,270.0,0.03230000422373891,0.0009087181557053015,0.37,75.83891412559254,16.19467302051718,0.09892334280755519,2.0,2.0,0.439863329019887,0.004661669837190028,1.5388755786536257,1.0
46.0,280.0,0.06427431677944995,0.003197431255571104,0.38,76.48705971943083,16.195007827799174,0.09892334280755519,2.0,2.0,0.5433605829069192,0.004458988539920897,1.0534544499336949,1.0
46.0,290.0,0.05899296937188225,-0.0005281347407567694,0.37,77.04394621834211,16.195322181859574,0.09892334280755519,2.0,2.0,0.439863329019887,0.004661669837190028,0.8092306311405189,1.0
46.0,300.0,-0.023792847341859158,-0.00827858167137414,0.36,77.28253621144037,16.195615484307552,0.09892334280755519,2.0,2.0,0.439863329019887,0.004661669837190028,0.9291497832919955,1.0
46.0,0.0,-0.022805142073007545,0.0,0.0,0.0,14.14848054774334,0.09892334280755519,2.0,2.0,0.5433605829069192,0.004458988539920897,41.82952923165126,2.0
46.0,10.0,0.6363688049420873,0.06591739470150948,0.25,2.6164137166180623,14.14903513255917,0.09892334280755519,2.0,3.0,0.5433605829069192,0.004458988539920897,43.880344102923694,2.0
46.0,20.0,1.213009420987067,0.057664061604497975,0.58,12.323981530928233,14.14959497678938,0.09892334280755519,3.0,3.0,0.439863329019887,0.004661669837190028,31.449055029995804,2.0
46.0,30.0,0.9342543598699145,-0.027875506111715253,0.56,24.08594195933589,14.150159014738662,0.09892334280755519,3.0,1.0,0.32966562935989285,0.004723866738418203,9.67318661584181,2.0
46.0,40.0,0.29450125874948085,-0.06397531011204335,0.3,30.77424218597774,14.15072617272871,0.09892334280755519,2.0,1.0,0.32966562935989285,0.004723866738418203,8.098944732756088,2.0
46.0,50.0,-0.10601943917300005,-0.04005206979224809,0.0,31.342321879070983,14.15129537114207,0.09892334280755519,2.0,1.0,0.4916119559634031,0.004864351134459159,48.010639941363515,2.0
46.0,60.0,0.11197616868818017,0.02179956078611802,0.25,30.622812290939375,14.151865526477195,0.09892334280755519,2.0,2.0,0.5433605829069192,0.004458988539920897,97.50357622287785,2.0
46.0,70.0,0.6738941015079014,0.05619179328197212,0.44,34.39670985859834,14.15243555341101,0.09892334280755519,2.0,3.0,0.5433605829069192,0.004458988539920897,116.96107738317325,2.0
46.0,80.0,2.7875386911689866,0.2113644589661085,0.72,38.725003101549774,16.185469382438008,0.09892334280755519,3.0,4.0,0.32966562935989285,0.004723866738418203,91.53488237285222,2.0
46.0,90.0,2.230243461159354,-0.05572952300096325,1.0,38.725003101549774,16.18603589964313,0.09892334280755519,3.0,1.0,0.32966562935989285,0.004723866738418203,44.39067507992054,2.0
46.0,100.0,0.8281943366915101,-0.1402049124467844,0.7000000000000001,46.94063566071563,16.186599042201827,0.09892334280755519,3.0,1.0,0.5174862694351612,0.004053625945382633,29.398079204700114,2.0
46.0,110.0,-0.6361114530009786,-0.14643057896924888,0.0,48.35760319912579,16.187157738140243,0.09892334280755519,1.0,1.0,0.32966562935989285,0.004723866738418203,31.642072931082513,2.0
46.0,120.0,-0.8662814246045478,-0.023016997160356923,0.0,48.35760319912579,16.187710923948906,0.09892334280755519,1.0,2.0,0.4916119559634031,0.004864351134459159,30.916593048784517,2.0
46.0,130.0,-0.07498089649666184,0.0791300528107886,0.25,46.69483935760634,16.188257546607183,0.09892334280755519,2.0,3.0,0.5433605829069192,0.004458988539920897,28.579145937806537,2.0
46.0,140.0,0.8057582562739327,0.08807391527705946,0.56,50.185627204270844,16.188796565587772,0.09892334280755519,3.0,3.0,0.439863329019887,0.004661669837190028,28.69760763599326,2.0
46.0,150.0,0.9216783677012401,0.01159201114273074,0.7000000000000001,59.57907997193474,16.18932695483742,0.09892334280755519,3.0,2.0,0.32966562935989285,0.004723866738418203,14.44893603479045,2.0
46.0,160.0,0.31153684029424866,-0.06101415274069914,0.47000000000000003,66.46892031153514,16.189847704730035,0.09892334280755519,2.0,1.0,0.439863329019887,0.004661669837190028,10.045068319940757,2.0
46.0,170.0,-0.3381750846729048,-0.06497119249671535,0.25,66.31171433595941,16.1903578239886,0.09892334280755519,2.0,1.0,0.32966562935989285,0.004723866738418203,9.762227019536637,2.0
46.0,180.0,-0.35096464297756214,-0.0012789558304657333,0.0,62.35878723299628,16.190856341572115,0.09892334280755519,2.0,2.0,0.4916119559634031,0.004864351134459159,13.981650001051543,2.0
46.0,190.0,0.24774735402159465,0.05987119969991568,0.36,61.1445690049291,16.19134230852402,0.09892334280755519,2.0,3.0,0.4916119559634031,0.004864351134459159,14.179818417889704,2.0
46.0,200.0,0.6752568505301255,0.04275094965085309,0.58,65.85875431684039,16.191814799778612,0.09892334280755519,2.0,3.0,0.32966562935989285,0.004723866738418203,10.942775981100642,2.0
46.0,210.0,0.4047922573771814,-0.027046459315294414,0.53,71.81100276676575,16.192272915921926,0.09892334280755519,2.0,1.0,0.5174862694351612,0.004053625945382633,7.0202217230686825,2.0
46.0,220.0,-0.1033013593168306,-0.0508093616694012,0.31,73.45972128930777,16.192715784903854,0.09892334280755519,2.0,1.0,0.5433605829069192,0.004458988539920897,7.928383497851323,2.0
46.0,230.0,-0.3405232078568723,-0.02372218485400417,0.25,70.84528828040992,16.193142563698103,0.09892334280755519,2.0,2.0,0.4916119559634031,0.004864351134459159,7.389769379286002,2.0
46.0,240.0,-0.15171382866088123,0.018880937919599106,0.25,68.16685395614425,16.193552439906995,0.09892334280755519,2.0,2.0,0.4916119559634031,0.004864351134459159,6.172409454101751,2.0
46.0,250.0,0.16504548498302896,0.03167593136439102,0.37,67.83495523488588,16.193944633307865,0.09892334280755519,2.0,3.0,0.5433605829069192,0.004458988539920897,7.063152398121843,2.0
46.0,260.0,0.33457054419824317,0.01695250592152142,0.49,70.57136786802836,16.194318397338286,0.09892334280755519,2.0,2.0,0.5174862694351612,0.004053625945382633,4.8074736960005895,2.0
46.0,270.0,0.21714278941910692,-0.011742775477913626,0.46,73.6631280146791,16.19467302051718,0.09892334280755519,2.0,2.0,0.5174862694351612,0.004053625945382633,3.146562063128461,2.0
46.0,280.0,-0.0501465025860206,-0.02672892920051275,0.32,74.66009108334883,16.195007827799174,0.09892334280755519,2.0,1.0,0.32966562935989285,0.004723866738418203,4.225714067564688,2.0
46.0,290.0,-0.18659277342401737,-0.013644627083799677,0.27,73.46483327020724,16.195322181859574,0.09892334280755519,2.0,2.0,0.32966562935989285,0.004723866738418203,4.360585329859793,2.0
46.0,300.0,-0.03078075051300644,0.015581202291101093,0.3,72.13617211078285,16.195615484307552,0.09892334280755519,2.0,2.0,0.4916119559634031,0.004864351134459159,3.8307364722337556,2.0
47.0,0.0,0.8228836853232799,0.0,0.0,0.0,9.369532231620934,0.23591045701486774,3.0,2.0,0.5174862694351612,0.004053625945382633,122.92718806981878,0.0
47.0,10.0,1.6702807537444642,0.08473970684211843,0.75,11.40664174078601,9.402361120315998,0.23591045701486774,3.0,3.0,0.4916119559634031,0.004864351134459159,126.22588015475495,0.0
47.0,20.0,2.3902079580221667,0.07199272042777025,1.0,14.841181046650057,9.435138989320759,0.23591045701486774,3.0,3.0,0.35670732193964705,0.002074459336642943,84.18505304911908,0.0
47.0,30.0,2.068165667124646,-0.03220422908975209,1.0,14.841181046650057,9.467803444098582,0.23591045701486774,3.0,1.0,0.35670732193964705,0.002074459336642943,53.325412072345266,0.0
47.0,40.0,0.8764161126924073,-0.11917495544322385,0.68,24.61271301337572,9.500292306003285,0.23591045701486774,3.0,1.0,0.35670732193964705,0.002074459336642943,62.887002567562405,0.0
47.0,50.0,-0.5420135035112637,-0.14184296162036708,0.0,27.65613663932823,9.53254373063967,0.23591045701486774,1.0,1.0,0.5174862694351612,0.004053625945382633,76.76431911379322,0.0
47.0,60.0,-1.5120368097789942,-0.09700233062677306,0.0,27.65613663932823,9.564496325587907,0.23591045701486774,1.0,1.0,0.35670732193964705,0.002074459336642943,55.68343211778483,0.0
47.0,70.0,-1.3696871983087249,0.014234961147026937,0.0,27.65613663932823,9.596089267267434,0.23591045701486774,1.0,2.0,0.439863329019887,0.004661669837190028,43.7863777951555,0.0
47.0,80.0,-0.490781842344866,0.08789053559638589,0.0,27.65613663932823,9.627262416718143,0.23591045701486774,1.0,3.0,0.4916119559634031,0.004864351134459159,104.87244213983645,0.0
47.0,90.0,0.5392154378226195,0.10299972801674855,0.33,28.516013493161644,9.65795643407829,0.23591045701486774,2.0,3.0,0.5174862694351612,0.004053625945382633,185.27959319909397,0.0
47.0,100.0,1.570845323753339,0.10316298859307196,0.8300000000000001,38.59493608877875,9.68811289154129,0.23591045701486774,3.0,3.0,0.5174862694351612,0.004053625945382633,221.92458878649006,0.0
47.0,110.0,3.7980964460005353,0.22272511222471963,1.0,40.16578141253209,11.444775018250223,0.23591045701486774,4.0,4.0,0.35670732193964705,0.002074459336642943,169.17340229730303,0.0
47.0,120.0,3.3045633001235473,-0.0493533145876988,1.0,40.16578141253209,11.473685274875255,0.23591045701486774,4.0,1.0,0.35670732193964705,0.002074459336642943,89.34444887041728,0.0
47.0,130.0,2.0987735908688236,-0.12057897092547236,1.0,40.16578141253209,11.501889262773592,0.23591045701486774,3.0,1.0,0.35670732193964705,0.002074459336642943,52.46181015135005,0.0
47.0,140.0,0.6591945765976348,-0.1439579014271189,0.71,47.175122664217795,11.529333294051252,0.23591045701486774,2.0,1.0,0.35670732193964705,0.002074459336642943,67.46940569969009,0.0
47.0,150.0,-0.7192399684882638,-0.13784345450858987,0.0,48.52230424120654,11.555965127434884,0.23591045701486774,1.0,1.0,0.5174862694351612,0.004053625945382633,76.40479085900506,0.0
47.0,160.0,-1.6057545090159557,-0.0886514540527692,0.0,48.52230424120654,11.581734067715988,0.23591045701486774,1.0,1.0,0.35670732193964705,0.002074459336642943,55.23798503588956,0.0
47.0,170.0,-1.28325174755458,0.03225027614613758,0.0,48.52230424120654,11.606591062252125,0.23591045701486774,1.0,3.0,0.4916119559634031,0.004864351134459159,52.52600237747634,0.0
47.0,180.0,-0.28448444964979913,0.09987672979047808,0.0,48.52230424120654,11.63048879434142,0.23591045701486774,2.0,3.0,0.4916119559634031,0.004864351134459159,84.1945850204246,0.0
47.0,190.0,0.904324196980145,0.11888086466299441,0.53,50.805483818533574,11.653381773292583,0.23591045701486774,3.0,3.0,0.5174862694351612,0.004053625945382633,118.88774681909098,0.0
47.0,200.0,1.9026648083206332,0.09983406113404883,1.0,57.83445993185437,11.675226421019023,0.23591045701486774,3.0,3.0,0.439863329019887,0.004661669837190028,99.50508039427865,0.0
47.0,210.0,2.2107938798707067,0.03081290715500735,1.0,57.83445993185437,11.695981154992236,0.23591045701486774,3.0,3.0,0.35670732193964705,0.002074459336642943,57.47256927789556,0.0
47.0,220.0,1.4613566654287276,-0.07494372144419792,1.0,57.83445993185437,11.715606467396473,0.23591045701486774,3.0,1.0,0.35670732193964705,0.002074459336642943,53.82764204251938,0.0
47.0,230.0,0.22195410340656352,-0.12394025620221641,0.55,66.9650567401739,11.734065000334137,0.23591045701486774,2.0,1.0,0.35670732193964705,0.002074459336642943,69.3899341083858,0.0
47.0,240.0,-1.0252639009848679,-0.12472180043914313,0.0,66.34798174305165,11.751321616938679,0.23591045701486774,1.0,1.0,0.35670732193964705,0.002074459336642943,67.83468318606928,0.0
47.0,250.0,-1.5834337826804443,-0.055816988169557644,0.0,66.34798174305165,11.767343468259586,0.23591045701486774,1.0,1.0,0.35670732193964705,0.002074459336642943,49.95571542165294,0.0
47.0,260.0,-0.9900348786833462,0.05933989039970981,0.0,66.34798174305165,11.782100055792245,0.23591045701486774,1.0,3.0,0.4916119559634031,0.004864351134459159,57.37144295818831,0.0
47.0,270.0,0.05830889278534812,0.10483437714686943,0.25,65.03119475702972,11.795563289533579,0.23591045701486774,2.0,3.0,0.439863329019887,0.004661669837190028,94.13599558644496,0.0
47.0,280.0,1.2472069976570843,0.11888981048717362,0.74,71.0427797078372,11.807707541452952,0.23591045701486774,3.0,3.0,0.5433605829069192,0.004458988539920897,107.22233781625263,0.0
47.0,290.0,2.0299719035244053,0.0782764905867321,1.0,73.6398281065897,11.818509694276617,0.23591045701486774,3.0,3.0,0.35670732193964705,0.002074459336642943,74.27724228469532,0.0
47.0,300.0,1.852355537700273,-0.017761636582413233,1.0,73.6398281065897,11.827949185492717,0.23591045701486774,3.0,2.0,0.35670732193964705,0.002074459336642943,44.49720661256876,0.0
47.0,0.0,0.8162623737239763,0.0,0.0,0.0,9.369532231620934,0.23591045701486774,3.0,2.0,0.5174862694351612,0.004053625945382633,122.89408161541448,1.0
47.0,10.0,1.6621990750327988,0.08459367013088226,0.59,11.55854177162416,9.402361120315998,0.23591045701486774,3.0,3.0,0.5433605829069192,0.004458988539920897,139.902193598115,1.0
47.0,20.0,2.4253696578953665,0.07631705828625676,0.92,32.21450983035012,9.435138989320759,0.23591045701486774,3.0,3.0,0.439863329019887,0.004661669837190028,104.99851571002853,1.0
47.0,30.0,2.3143431050687546,-0.011102655282661189,0.96,56.839284445639365,9.467803444098582,0.23591045701486774,3.0,2.0,0.35670732193964705,0.002074459336642943,60.745518307568894,1.0
47.0,40.0,1.4322203189437808,-0.08821227861249739,0.71,76.60624246134796,9.500292306003285,0.23591045701486774,3.0,1.0,0.35670732193964705,0.002074459336642943,41.39600191283547,1.0
47.0,50.0,0.11701812561855007,-0.13152021933252306,0.26,85.03792272656307,9.53254373063967,0.23591045701486774,2.0,1.0,0.35670732193964705,0.002074459336642943,39.50549865672467,1.0
47.0,60.0,-0.8247324352472027,-0.09417505608657528,0.0,83.9505178208779,9.564496325587907,0.23591045701486774,1.0,1.0,0.35670732193964705,0.002074459336642943,36.02145706406622,1.0
47.0,70.0,-0.9984222346508353,-0.01736897994036326,0.0,83.9505178208779,9.596089267267434,0.23591045701486774,1.0,2.0,0.439863329019887,0.004661669837190028,37.15451456993419,1.0
47.0,80.0,-0.3159054679633613,0.0682516766687474,0.0,83.07759341291003,9.627262416718143,0.23591045701486774,2.0,3.0,0.4916119559634031,0.004864351134459159,95.12398502682005,1.0
47.0,90.0,0.6718522731710124,0.09877577411343737,0.37,84.06945012641495,9.65795643407829,0.23591045701486774,2.0,3.0,0.5174862694351612,0.004053625945382633,181.80733034724366,1.0
47.0,100.0,1.5871669612692756,0.09153146880982632,0.73,95.07376551327508,9.68811289154129,0.23591045701486774,3.0,3.0,0.5174862694351612,0.004053625945382633,218.53706278442985,1.0
47.0,110.0,3.732762557988128,0.21455955967188522,1.0,100.07476618160331,11.444775018250223,0.23591045701486774,4.0,4.0,0.35670732193964705,0.002074459336642943,169.62721040115173,1.0
47.0,120.0,3.2869499515795297,-0.04458126064085981,1.0,100.07476618160331,11.473685274875255,0.23591045701486774,4.0,1.0,0.35670732193964705,0.002074459336642943,91.92400663232974,1.0
47.0,130.0,2.122734943569288,-0.11642150080102417,1.0,100.07476618160331,11.501889262773592,0.23591045701486774,3.0,1.0,0.35670732193964705,0.002074459336642943,53.70183181037963,1.0
47.0,140.0,0.7324086686896294,-0.13903262748796585,0.55,115.08993034065892,11.529333294051252,0.23591045701486774,2.0,1.0,0.35670732193964705,0.002074459336642943,48.18137178270142,1.0
47.0,150.0,-0.5944154284321819,-0.13268240971218112,0.0,116.18437373462032,11.555965127434884,0.23591045701486774,1.0,1.0,0.35670732193964705,0.002074459336642943,47.92199592009156,1.0
47.0,160.0,-1.2236580973206586,-0.06292426688884767,0.0,115.58995830618814,11.581734067715988,0.23591045701486774,1.0,1.0,0.4916119559634031,0.004864351134459159,41.455092933466645,1.0
47.0,170.0,-0.8191886470915826,0.0404469450229076,0.0,115.58995830618814,11.606591062252125,0.23591045701486774,1.0,3.0,0.4916119559634031,0.004864351134459159,45.890138688223,1.0
47.0,180.0,0.17961589223974883,0.09988045393313313,0.26,113.04048462827943,11.63048879434142,0.23591045701486774,2.0,3.0,0.5174862694351612,0.004053625945382633,95.51179201732523,1.0
47.0,190.0,1.3078858399578763,0.11282699477181275,0.6900000000000001,120.12032811917388,11.653381773292583,0.23591045701486774,3.0,3.0,0.5174862694351612,0.004053625945382633,110.07866097326762,1.0
47.0,200.0,2.057177723918123,0.07492918839602467,0.99,137.06420974128275,11.675226421019023,0.23591045701486774,3.0,3.0,0.35670732193964705,0.002074459336642943,79.05921939702483,1.0
47.0,210.0,1.9346573546412031,-0.01225203692769199,1.0,137.06420974128275,11.695981154992236,0.23591045701486774,3.0,2.0,0.35670732193964705,0.002074459336642943,50.10886082461052,1.0
47.0,220.0,0.9728343739783938,-0.09618229806628094,0.71,152.5396577927294,11.715606467396473,0.23591045701486774,3.0,1.0,0.35670732193964705,0.002074459336642943,45.04324224877318,1.0
47.0,230.0,-0.20892188941811085,-0.11817562633965047,0.29,156.9252054200282,11.734065000334137,0.23591045701486774,2.0,1.0,0.35670732193964705,0.002074459336642943,50.28718723860676,1.0
47.0,240.0,-1.0517500066621075,-0.08428281172439966,0.0,152.32188662188727,11.751321616938679,0.23591045701486774,1.0,1.0,0.439863329019887,0.004661669837190028,39.798426783784386,1.0
47.0,250.0,-1.094563761399101,-0.004281375473699356,0.0,152.32188662188727,11.767343468259586,0.23591045701486774,1.0,2.0,0.439863329019887,0.004661669837190028,32.7465003135874,1.0
47.0,260.0,-0.25997575857108757,0.08345880028280135,0.25,148.66226029887534,11.782100055792245,0.23591045701486774,2.0,3.0,0.5174862694351612,0.004053625945382633,67.13847353827543,1.0
47.0,270.0,0.8092205237660934,0.1069196282337181,0.55,150.61027201594257,11.795563289533579,0.23591045701486774,3.0,3.0,0.5174862694351612,0.004053625945382633,96.72074173143935,1.0
47.0,280.0,1.6969524257064492,0.08877319019403558,0.92,163.11430607444817,11.807707541452952,0.23591045701486774,3.0,3.0,0.4916119559634031,0.004864351134459159,77.35622393416986,1.0
47.0,290.0,1.8474715230183492,0.015051909731189994,1.0,168.33694085360221,11.818509694276617,0.23591045701486774,3.0,2.0,0.35670732193964705,0.002074459336642943,51.22241547136836,1.0
47.0,300.0,1.1304557796725554,-0.07170157433457938,0.8200000000000001,182.45148009071,11.827949185492717,0.23591045701486774,3.0,1.0,0.35670732193964705,0.002074459336642943,48.713352706486646,1.0
47.0,0.0,0.8309805797909604,0.0,0.0,0.0,9.369532231620934,0.23591045701486774,3.0,2.0,0.5174862694351612,0.004053625945382633,122.96767241547886,2.0
47.0,10.0,1.639745924631292,0.08087653448403316,0.73,11.470823119675835,9.402361120315998,0.23591045701486774,3.0,3.0,0.439863329019887,0.004661669837190028,127.25191381854003,2.0
47.0,20.0,2.3772616925159333,0.07375157678846414,1.0,20.672364654849293,9.435138989320759,0.23591045701486774,3.0,3.0,0.35670732193964705,0.002074459336642943,85.45288843661443,2.0
47.0,30.0,2.067604842836552,-0.030965684967938147,1.0,20.672364654849293,9.467803444098582,0.23591045701486774,3.0,1.0,0.35670732193964705,0.002074459336642943,53.008691974964734,2.0
47.0,40.0,0.9040628007353106,-0.11635420421012413,0.63,34.605367802846374,9.500292306003285,0.23591045701486774,3.0,1.0,0.35670732193964705,0.002074459336642943,56.1736552311036,2.0
47.0,50.0,-0.4939613017770341,-0.13980241025123447,0.0,37.274151578757625,9.53254373063967,0.23591045701486774,1.0,1.0,0.5174862694351612,0.004053625945382633,65.06464503917451,2.0
47.0,60.0,-1.3727085508222245,-0.08787472490451904,0.0,37.274151578757625,9.564496325587907,0.23591045701486774,1.0,1.0,0.35670732193964705,0.002074459336642943,48.14764193686138,2.0
47.0,70.0,-1.1510602426518943,0.02216483081703302,0.0,37.274151578757625,9.596089267267434,0.23591045701486774,1.0,2.0,0.439863329019887,0.004661669837190028,43.601459357722526,2.0
47.0,80.0,-0.3286049438198724,0.08224552988320219,0.0,37.274151578757625,9.627262416718143,0.23591045701486774,2.0,3.0,0.4916119559634031,0.004864351134459159,108.68622845293864,2.0
47.0,90.0,0.7043623673249932,0.10329673111448656,0.44,38.55041579732649,9.65795643407829,0.23591045701486774,2.0,3.0,0.5174862694351612,0.004053625945382633,180.73893413584696,2.0
47.0,100.0,1.6504535293034905,0.09460911619784973,0.92,50.08577339178692,9.68811289154129,0.23591045701486774,3.0,3.0,0.5174862694351612,0.004053625945382633,204.26201213530334,2.0
47.0,110.0,3.6953408956039056,0.2044887366300415,1.0,51.73622692109041,11.444775018250223,0.23591045701486774,4.0,4.0,0.35670732193964705,0.002074459336642943,142.68352482142564,2.0
47.0,120.0,2.966114771589048,-0.07292261240148576,1.0,51.73622692109041,11.473685274875255,0.23591045701486774,3.0,1.0,0.35670732193964705,0.002074459336642943,72.96015060593882,2.0
47.0,130.0,1.6751648648997381,-0.129094990668931,1.0,51.73622692109041,11.501889262773592,0.23591045701486774,3.0,1.0,0.35670732193964705,0.002074459336642943,57.354443972278744,2.0
47.0,140.0,0.26402769045714436,-0.14111371744425938,0.54,62.115939429956505,11.529333294051252,0.23591045701486774,2.0,1.0,0.35670732193964705,0.002074459336642943,68.24832048011842,2.0
47.0,150.0,-1.0160528877255892,-0.12800805781827335,0.0,61.06638288431236,11.555965127434884,0.23591045701486774,1.0,1.0,0.35670732193964705,0.002074459336642943,71.20976508205956,2.0
47.0,160.0,-1.6338809447698885,-0.061782805704429934,0.0,61.06638288431236,11.581734067715988,0.23591045701486774,1.0,1.0,0.35670732193964705,0.002074459336642943,51.117696567342165,2.0
47.0,170.0,-1.055040624457991,0.05788403203118975,0.0,61.06638288431236,11.606591062252125,0.23591045701486774,1.0,3.0,0.439863329019887,0.004661669837190028,55.860252776849194,2.0
47.0,180.0,-0.011537051745573734,0.10435035727124173,0.25,59.293175770850176,11.63048879434142,0.23591045701486774,2.0,3.0,0.4916119559634031,0.004864351134459159,90.58913627511794,2.0
47.0,190.0,1.1514032318911767,0.11629402836367504,0.72,64.37112079597412,11.653381773292583,0.23591045701486774,3.0,3.0,0.5433605829069192,0.004458988539920897,105.99499288272656,2.0
47.0,200.0,1.997781360727572,0.08463781288363954,1.0,69.61993367082607,11.675226421019023,0.23591045701486774,3.0,3.0,0.439863329019887,0.004661669837190028,74.82881353463628,2.0
47.0,210.0,1.8558033433864871,-0.014197801734108496,1.0,69.61993367082607,11.695981154992236,0.23591045701486774,3.0,2.0,0.35670732193964705,0.002074459336642943,44.47348725958766,2.0
47.0,220.0,0.8871583778766201,-0.0968644965509867,0.8,75.79704937111151,11.715606467396473,0.23591045701486774,3.0,1.0,0.35670732193964705,0.002074459336642943,59.74814016264504,2.0
47.0,230.0,-0.39248802128135196,-0.1279646399157972,0.3,78.81998617038087,11.734065000334137,0.23591045701486774,1.0,1.0,0.5174862694351612,0.004053625945382633,73.65476804446156,2.0
47.0,240.0,-1.3971612350044822,-0.10046732137231303,0.0,76.48661577026121,11.751321616938679,0.23591045701486774,1.0,1.0,0.35670732193964705,0.002074459336642943,59.866046531244834,2.0
47.0,250.0,-1.4662174498780125,-0.006905621487353031,0.0,76.48661577026121,11.767343468259586,0.23591045701486774,1.0,2.0,0.439863329019887,0.004661669837190028,48.364450042591436,2.0
47.0,260.0,-0.6223689797756435,0.0843848470102369,0.0,75.77409033632475,11.782100055792245,0.23591045701486774,1.0,3.0,0.439863329019887,0.004661669837190028,67.2195523858835,2.0
47.0,270.0,0.5420436371206385,0.1164412616896282,0.52,74.68751175697076,11.795563289533579,0.23591045701486774,2.0,3.0,0.4916119559634031,0.004864351134459159,91.97617038589225,2.0
47.0,280.0,1.5515900964160956,0.1009546459295457,1.0,82.11820753961194,11.807707541452952,0.23591045701486774,3.0,3.0,0.439863329019887,0.004661669837190028,76.32437661299068,2.0
47.0,290.0,1.8373103726510216,0.0285720276234926,1.0,82.11820753961194,11.818509694276617,0.23591045701486774,3.0,3.0,0.35670732193964705,0.002074459336642943,45.92364113655923,2.0
47.0,300.0,1.1511564596629213,-0.06861539129881003,0.9500000000000001,84.73588819194842,11.827949185492717,0.23591045701486774,3.0,1.0,0.35670732193964705,0.002074459336642943,57.00027390527222,2.0
48.0,0.0,-0.8521040941185412,0.0,0.0,0.0,3.2457040845156833,0.039467240602394885,1.0,2.0,0.5174862694351612,0.004053625945382633,32.1957276865174,0.0
48.0,10.0,-0.6932435741519036,0.015886051996663753,0.0,0.0,3.3623532081878302,0.039467240602394885,1.0,2.0,0.5174862694351612,0.004053625945382633,21.71254008910043,0.0
48.0,20.0,-0.5904600634322428,0.010278351071966086,0.0,0.0,3.4805192802867175,0.039467240602394885,1.0,2.0,0.5174862694351612,0.004053625945382633,14.020390024598932,0.0
48.0,30.0,-0.4155222349015233,0.01749378285307195,0.0,0.0,3.5999773649779847,0.039467240602394885,1.0,2.0,0.5174862694351612,0.004053625945382633,8.122825130992691,0.0
48.0,40.0,-0.29077689471770185,0.012474534018382144,0.0,0.0,3.720500067007869,0.039467240602394885,2.0,2.0,0.5174862694351612,0.004053625945382633,4.439271087429827,0.0
48.0,50.0,-0.1365306930888508,0.015424620162885105,0.0,0.0,3.8418579645629904,0.039467240602394885,2.0,2.0,0.5174862694351612,0.004053625945382633,3.7563128044296032,0.0
48.0,60.0,-0.0403571328480794,0.00961735602407714,0.0,0.0,3.963820045987827,0.039467240602394885,2.0,2.0,0.9599767280085448,4.409875626415089e-05,4.7498222827585845,0.0
48.0,70.0,0.13515862965121883,0.017551576249929823,0.0,0.409905357818662,4.086154149528511,0.039467240602394885,2.0,2.0,0.9599767280085448,4.409875626415089e-05,4.481849805674751,0.0
48.0,80.0,0.24990356738148378,0.011474493773026496,0.25,2.1714466561768795,4.208627405265936,0.039467240602394885,2.0,2.0,0.9599767280085448,4.409875626415089e-05,6.489422509687321,0.0
48.0,90.0,0.3089453988328721,0.00590418314513883,0.25,5.120615136231127,4.331006678396882,0.039467240602394885,2.0,2.0,0.9599767280085448,4.409875626415089e-05,4.7624640740785456,0.0
48.0,100.0,0.1899881839956663,-0.011895721483720579,0.25,7.726721505560064,4.453059013019367,0.15635273488278276,2.0,2.0,0.9599767280085448,4.409875626415089e-05,4.343597890427979,0.0
48.0,110.0,0.08312425152959335,-0.010686393246607296,0.0,9.125250016314979,4.574552075577422,0.15635273488278276,2.0,2.0,0.9599767280085448,4.409875626415089e-05,9.686628956051827,0.0
48.0,120.0,0.2690538219703136,0.018592957044072024,0.25,10.723233707129392,4.69525459712127,0.15635273488278276,2.0,2.0,0.9599767280085448,4.409875626415089e-05,9.064495943506742,0.0
48.0,130.0,0.45911230353667776,0.019005848156636418,0.3,14.6064409813178,4.814936813540857,0.15635273488278276,2.0,2.0,0.9599767280085448,4.409875626415089e-05,7.508142462438496,0.0
48.0,140.0,0.3803909074790539,-0.007872139605762385,0.28,18.956801843856105,4.933370902934943,0.15635273488278276,2.0,2.0,0.9599767280085448,4.409875626415089e-05,4.771988828534479,0.0
48.0,150.0,0.24501430224422904,-0.013537660523482486,0.25,22.20440279286897,5.050331419283008,0.15635273488278276,2.0,2.0,0.5174862694351612,0.004053625945382633,2.4951877075750426,0.0
48.0,160.0,0.13071780837729463,-0.011429649386693441,0.25,24.025921357134507,5.165595721594585,0.15635273488278276,2.0,2.0,0.4916119559634031,0.004864351134459159,1.730353043075621,0.0
48.0,170.0,0.021735285266927917,-0.010898252311036671,0.0,24.925633897269957,5.278944397719027,0.15635273488278276,2.0,2.0,0.4916119559634031,0.004864351134459159,4.669990828631991,0.0
48.0,180.0,-0.04138638916804993,-0.006312167443497785,0.0,24.724335910073965,5.3901616820090155,0.15635273488278276,2.0,2.0,0.4916119559634031,0.004864351134459159,7.237710263902141,0.0
48.0,190.0,0.16385281369545623,0.020523920286350618,0.25,25.199395351400973,5.499035866042728,0.15635273488278276,2.0,2.0,0.9599767280085448,4.409875626415089e-05,8.803034099424014,0.0
48.0,200.0,0.4098916142534321,0.02460388005579759,0.32,28.28569573842677,5.605359701622852,0.15635273488278276,2.0,2.0,0.9599767280085448,4.409875626415089e-05,6.07943638633737,0.0
48.0,210.0,0.34896264555657197,-0.0060928968696860155,0.31,32.15505132418616,5.708930795285305,0.15635273488278276,2.0,2.0,0.5174862694351612,0.004053625945382633,3.754750371063998,0.0
48.0,220.0,0.15556595774999593,-0.019339668780657605,0.25,34.82238739751717,5.809551993566711,0.15635273488278276,2.0,2.0,0.5174862694351612,0.004053625945382633,2.2396942377528255,0.0
48.0,230.0,0.008183220920216172,-0.014738273682977976,0.25,35.548469481329924,5.907031758297201,0.15635273488278276,2.0,2.0,0.439863329019887,0.004661669837190028,3.3816133234677808,0.0
48.0,240.0,-0.10767500073973224,-0.011585822165994842,0.0,35.117556712337915,6.001184531204224,0.15635273488278276,2.0,2.0,0.4916119559634031,0.004864351134459159,5.134455938059762,0.0
48.0,250.0,-0.016169612270839906,0.009150538846889234,0.0,34.19333301992704,6.091831087133258,0.15635273488278276,2.0,2.0,0.5433605829069192,0.004458988539920897,7.591564096840346,0.0
48.0,260.0,0.27269365687849145,0.028886326914933137,0.28,35.45207034476015,6.178798875213079,0.15635273488278276,2.0,3.0,0.5433605829069192,0.004458988539920897,6.767137907257478,0.0
48.0,270.0,0.32482018964519455,0.005212653276670309,0.32,38.551076151117535,6.261922347316155,0.15635273488278276,2.0,2.0,0.9599767280085448,4.409875626415089e-05,5.188677010368824,0.0
48.0,280.0,0.2061677229400587,-0.011865246670513585,0.29,41.34759422986457,6.341043273188902,0.15635273488278276,2.0,2.0,0.9599767280085448,4.409875626415089e-05,4.475664680788252,0.0
48.0,290.0,-0.050255411508743464,-0.025642313444880216,0.25,42.411294799235606,6.416011041651981,0.039467240602394885,2.0,1.0,0.9599767280085448,4.409875626415089e-05,8.709429863716615,0.0
48.0,300.0,-0.3114005577935153,-0.026114514628477182,0.0,40.76898439460428,6.48668294729724,0.039467240602394885,2.0,1.0,0.5174862694351612,0.004053625945382633,9.262721226982796,0.0
48.0,0.0,-0.8671784738084014,0.0,0.0,0.0,3.2457040845156833,0.039467240602394885,1.0,2.0,0.5174862694351612,0.004053625945382633,32.27863494457186,1.0
48.0,10.0,-0.7293638426039095,0.01378146312044919,0.0,0.0,3.3623532081878302,0.039467240602394885,1.0,2.0,0.5174862694351612,0.004053625945382633,21.910954012352846,1.0
48.0,20.0,-0.587292848633254,0.014207099397065548,0.0,0.0,3.4805192802867175,0.039467240602394885,1.0,2.0,0.5174862694351612,0.004053625945382633,14.004221596815862,1.0
48.0,30.0,-0.4614463993239575,0.012584644930929655,0.0,0.0,3.5999773649779847,0.039467240602394885,1.0,2.0,0.5174862694351612,0.004053625945382633,8.237635422299366,1.0
48.0,40.0,-0.26888946207388287,0.01925569372500746,0.0,0.0,3.720500067007869,0.039467240602394885,2.0,2.0,0.5174862694351612,0.004053625945382633,4.384572252355103,1.0
48.0,50.0,-0.12874621902289718,0.01401432430509857,0.0,0.0,3.8418579645629904,0.039467240602394885,2.0,2.0,0.5174862694351612,0.004053625945382633,3.73725660333439,1.0
48.0,60.0,-0.007669883352662055,0.012107633567023513,0.0,0.0,3.963820045987827,0.039467240602394885,2.0,2.0,0.9599767280085448,4.409875626415089e-05,4.763676753935001,1.0
48.0,70.0,0.13078219574179428,0.013845207909445633,0.0,0.3691764306276042,4.086154149528511,0.039467240602394885,2.0,2.0,0.9599767280085448,4.409875626415089e-05,4.473099558682371,1.0
48.0,80.0,0.23497934675772214,0.010419715101592786,0.25,2.0577801990892617,4.208627405265936,0.039467240602394885,2.0,2.0,0.9599767280085448,4.409875626415089e-05,3.369790938578369,1.0
48.0,90.0,0.07101735604952353,-0.01639619907081986,0.0,3.8371282565573672,4.331006678396882,0.039467240602394885,2.0,2.0,0.439863329019887,0.004661669837190028,5.3686783920014385,1.0
48.0,100.0,-0.11834406290804367,-0.01893614189575672,0.0,3.955573104445726,4.453059013019367,0.15635273488278276,2.0,2.0,0.9599767280085448,4.409875626415089e-05,9.495154691136932,1.0
48.0,110.0,0.12725069064575578,0.024559475355379945,0.0,4.190965244692251,4.574552075577422,0.15635273488278276,2.0,2.0,0.9599767280085448,4.409875626415089e-05,11.100591934785655,1.0
48.0,120.0,0.4126656802571951,0.02854149896114393,0.36,6.794904211738167,4.69525459712127,0.15635273488278276,2.0,3.0,0.9599767280085448,4.409875626415089e-05,9.107114005704675,1.0
48.0,130.0,0.485815610113125,0.007314992985592994,0.5,11.626737026297786,4.814936813540857,0.15635273488278276,2.0,2.0,0.5174862694351612,0.004053625945382633,4.8768990026366845,1.0
48.0,140.0,0.13706751602034473,-0.03487480940927803,0.25,14.997883737728756,4.933370902934943,0.15635273488278276,2.0,1.0,0.9599767280085448,4.409875626415089e-05,4.567424351831683,1.0
48.0,150.0,-0.16808109645833724,-0.030514861247868195,0.0,15.24085496192557,5.050331419283008,0.15635273488278276,2.0,1.0,0.5174862694351612,0.004053625945382633,7.925729623193183,1.0
48.0,160.0,-0.0647123295384695,0.010336876691986773,0.0,15.24085496192557,5.165595721594585,0.15635273488278276,2.0,2.0,0.5433605829069192,0.004458988539920897,10.745497421318975,1.0
48.0,170.0,0.22484429802621975,0.028955662756468926,0.25,16.101173335315256,5.278944397719027,0.15635273488278276,2.0,3.0,0.9599767280085448,4.409875626415089e-05,10.595864968383662,1.0
48.0,180.0,0.4916092556010234,0.026676495757480368,0.46,19.896790952696357,5.3901616820090155,0.15635273488278276,2.0,3.0,0.5174862694351612,0.004053625945382633,7.449988715656183,1.0
48.0,190.0,0.35814593535915407,-0.013346332024186936,0.37,24.59898336885011,5.499035866042728,0.15635273488278276,2.0,2.0,0.9599767280085448,4.409875626415089e-05,4.054120318822816,1.0
48.0,200.0,0.009773866004103127,-0.03483720693550509,0.0,26.504991696163938,5.605359701622852,0.15635273488278276,2.0,1.0,0.439863329019887,0.004661669837190028,4.635973678261678,1.0
48.0,210.0,-0.13883189861888923,-0.014860576462299236,0.0,26.51476556216804,5.708930795285305,0.15635273488278276,2.0,2.0,0.5433605829069192,0.004458988539920897,7.908622224831935,1.0
48.0,220.0,0.10945565689108605,0.024828755550997526,0.0,26.65555781550182,5.809551993566711,0.15635273488278276,2.0,2.0,0.5433605829069192,0.004458988539920897,11.243501907846722,1.0
48.0,230.0,0.40324281148728147,0.029378715459619544,0.38,29.22184327173477,5.907031758297201,0.15635273488278276,2.0,3.0,0.9599767280085448,4.409875626415089e-05,9.188573391742528,1.0
48.0,240.0,0.4631926075175343,0.005994979603025285,0.47000000000000003,34.180653606080355,6.001184531204224,0.15635273488278276,2.0,2.0,0.9599767280085448,4.409875626415089e-05,5.393415942716354,1.0
48.0,250.0,0.14815545205249947,-0.03150371554650348,0.25,37.521215314778516,6.091831087133258,0.15635273488278276,2.0,1.0,0.9599767280085448,4.409875626415089e-05,4.530657451284246,1.0
48.0,260.0,-0.13225262327053144,-0.02804080753230309,0.0,37.84871288282761,6.178798875213079,0.15635273488278276,2.0,1.0,0.4916119559634031,0.004864351134459159,4.982443885151527,1.0
48.0,270.0,-0.01215657874313436,0.012009604452739709,0.0,37.84871288282761,6.261922347316155,0.15635273488278276,2.0,2.0,0.439863329019887,0.004661669837190028,6.412123158311518,1.0
48.0,280.0,0.32391821570764634,0.03360747944507807,0.26,39.107673003903514,6.341043273188902,0.15635273488278276,2.0,3.0,0.439863329019887,0.004661669837190028,10.172802464507912,1.0
48.0,290.0,0.4728949470700279,0.014897673136238155,0.46,43.51638535856712,6.416011041651981,0.039467240602394885,2.0,2.0,0.9599767280085448,4.409875626415089e-05,10.558235603786548,1.0
48.0,300.0,0.06316407014016434,-0.040973087692986354,0.0,46.5964838783517,6.48668294729724,0.039467240602394885,2.0,1.0,0.9599767280085448,4.409875626415089e-05,10.551602079348088,1.0
48.0,0.0,-0.841545520179853,0.0,0.0,0.0,3.2457040845156833,0.039467240602394885,1.0,2.0,0.5174862694351612,0.004053625945382633,32.13765681181257,2.0
48.0,10.0,-0.7368934784904297,0.01046520416894232,0.0,0.0,3.3623532081878302,0.039467240602394885,1.0,2.0,0.5174862694351612,0.004053625945382633,21.952315404749267,2.0
48.0,20.0,-0.5815361578317599,0.01553573206586698,0.0,0.0,3.4805192802867175,0.039467240602394885,1.0,2.0,0.5174862694351612,0.004053625945382633,13.974834060636365,2.0
48.0,30.0,-0.43580538064654917,0.014573077718521076,0.0,0.0,3.5999773649779847,0.039467240602394885,1.0,2.0,0.5174862694351612,0.004053625945382633,8.173532942465997,2.0
48.0,40.0,-0.29329133545379094,0.014251404519275822,0.0,0.0,3.720500067007869,0.039467240602394885,2.0,2.0,0.5174862694351612,0.004053625945382633,4.445554920776833,2.0
48.0,50.0,-0.16821522683443746,0.012507610861935348,0.0,0.0,3.8418579645629904,0.039467240602394885,2.0,2.0,0.5174862694351612,0.004053625945382633,3.8338757639241,2.0
48.0,60.0,-0.006465582200494424,0.016174964463394302,0.0,0.0,3.963820045987827,0.039467240602394885,2.0,2.0,0.9599767280085448,4.409875626415089e-05,4.766085356239308,2.0
48.0,70.0,0.09740093212726464,0.010386651432775906,0.0,0.37429662472369785,4.086154149528511,0.039467240602394885,2.0,2.0,0.9599767280085448,4.409875626415089e-05,4.8457853579202625,2.0
48.0,80.0,0.2419804450802907,0.014457951295302607,0.0,2.0922597759530106,4.208627405265936,0.039467240602394885,2.0,2.0,0.9599767280085448,4.409875626415089e-05,7.184597840382038,2.0
48.0,90.0,0.3579993674152213,0.01160189223349306,0.25,4.881048392047809,4.331006678396882,0.039467240602394885,2.0,2.0,0.9599767280085448,4.409875626415089e-05,6.910949717194763,2.0
48.0,100.0,0.3531299667430545,-0.00048694006721667905,0.25,8.509215648374106,4.453059013019367,0.15635273488278276,2.0,2.0,0.9599767280085448,4.409875626415089e-05,5.661821193393589,2.0
48.0,110.0,0.28384842861920134,-0.006928153812385318,0.25,11.65299915218461,4.574552075577422,0.15635273488278276,2.0,2.0,0.4916119559634031,0.004864351134459159,4.131318606104513,2.0
48.0,120.0,0.17963501269094806,-0.010421341592825328,0.25,13.849251359968616,4.69525459712127,0.15635273488278276,2.0,2.0,0.5433605829069192,0.004458988539920897,3.9726698881309193,2.0
48.0,130.0,0.0696841762213225,-0.010995083646962556,0.0,15.104586931640657,4.814936813540857,0.15635273488278276,2.0,2.0,0.5433605829069192,0.004458988539920897,7.997899895091097,2.0
48.0,140.0,0.10075963782190911,0.003107546160058661,0.0,15.867710874926733,4.933370902934943,0.15635273488278276,2.0,2.0,0.5433605829069192,0.004458988539920897,10.752172982311123,2.0
48.0,150.0,0.39381966948050007,0.029306003165859094,0.25,18.20122770157151,5.050331419283008,0.15635273488278276,2.0,3.0,0.9599767280085448,4.409875626415089e-05,8.837324009905132,2.0
48.0,160.0,0.4375376001806792,0.004371793070017916,0.31,22.577337374628687,5.165595721594585,0.15635273488278276,2.0,2.0,0.9599767280085448,4.409875626415089e-05,6.45794253375502,2.0
48.0,170.0,0.30700061640852994,-0.013053698377214928,0.28,26.690216113652017,5.278944397719027,0.15635273488278276,2.0,2.0,0.4916119559634031,0.004864351134459159,3.86115703039333,2.0
48.0,180.0,0.18655479893488902,-0.012044581747364091,0.25,29.423150606928694,5.3901616820090155,0.15635273488278276,2.0,2.0,0.5174862694351612,0.004053625945382633,2.108030119017398,2.0
48.0,190.0,0.09616133698810714,-0.009039346194678189,0.25,30.66215426447063,5.499035866042728,0.15635273488278276,2.0,2.0,0.5433605829069192,0.004458988539920897,2.070789046943612,2.0
48.0,200.0,-0.00980837946791624,-0.010596971645602337,0.25,30.975340109731764,5.605359701622852,0.15635273488278276,2.0,2.0,0.4916119559634031,0.004864351134459159,3.862249210874669,2.0
48.0,210.0,-0.10497670190476072,-0.009516832243684447,0.0,30.185831629378423,5.708930795285305,0.15635273488278276,2.0,2.0,0.4916119559634031,0.004864351134459159,6.273646663854923,2.0
48.0,220.0,0.07514679417226588,0.01801234960770266,0.25,29.7054279551599,5.809551993566711,0.15635273488278276,2.0,2.0,0.5433605829069192,0.004458988539920897,7.361636622213118,2.0
48.0,230.0,0.26624696401286485,0.019110016984059897,0.26,31.42452626539954,5.907031758297201,0.15635273488278276,2.0,2.0,0.5433605829069192,0.004458988539920897,5.9075398291251116,2.0
48.0,240.0,0.27509214032924234,0.000884517631637749,0.29,34.36171776072841,6.001184531204224,0.15635273488278276,2.0,2.0,0.439863329019887,0.004661669837190028,3.750461378838589,2.0
48.0,250.0,0.19193342918687506,-0.008315871114236728,0.25,36.695325433278356,6.091831087133258,0.15635273488278276,2.0,2.0,0.5174862694351612,0.004053625945382633,2.3981328098656203,2.0
48.0,260.0,0.056500269648573465,-0.01354331595383016,0.25,37.95914790292214,6.178798875213079,0.15635273488278276,2.0,2.0,0.5174862694351612,0.004053625945382633,2.424029433316525,2.0
48.0,270.0,0.0027777210112773787,-0.005372254863729609,0.25,38.25378699494317,6.261922347316155,0.15635273488278276,2.0,2.0,0.5174862694351612,0.004053625945382633,2.896947574873894,2.0
48.0,280.0,-0.09176958356939835,-0.009454730458067573,0.25,37.798376566968365,6.341043273188902,0.15635273488278276,2.0,2.0,0.5174862694351612,0.004053625945382633,5.123264429644512,2.0
48.0,290.0,-0.1719450514551788,-0.008017546788578045,0.0,36.54425693617625,6.416011041651981,0.039467240602394885,2.0,2.0,0.9599767280085448,4.409875626415089e-05,6.382025191839223,2.0
48.0,300.0,-0.2809073317054285,-0.010896228025024967,0.0,34.02973554076402,6.48668294729724,0.039467240602394885,2.0,2.0,0.439863329019887,0.004661669837190028,4.27369230911059,2.0
